                    2          1
             1               0.9941380               0.1081190              -0.5000000
             2               0.9941380               0.1081190               0.0000000
             3               1.0000000               0.0000000              -0.5000000
             4               1.0000000               0.0000000               0.0000000
             5               0.9766206               0.2149704              -0.5000000
             6               0.9766206               0.2149704               0.0000000
             7               0.9941380               0.1081190              -0.5000000
             8               0.9941380               0.1081190               0.0000000
             9               0.9476532               0.3193015              -0.5000000
            10               0.9476532               0.3193015               0.0000000
            11               0.9766206               0.2149704              -0.5000000
            12               0.9766206               0.2149704               0.0000000
            13               0.9075754               0.4198891              -0.5000000
            14               0.9075754               0.4198891               0.0000000
            15               0.9476532               0.3193015              -0.5000000
            16               0.9476532               0.3193015               0.0000000
            17               0.8568572               0.5155539              -0.5000000
            18               0.8568572               0.5155539               0.0000000
            19               0.9075754               0.4198891              -0.5000000
            20               0.9075754               0.4198891               0.0000000
            21               0.7960931               0.6051742              -0.5000000
            22               0.7960931               0.6051742               0.0000000
            23               0.8568572               0.5155539              -0.5000000
            24               0.8568572               0.5155539               0.0000000
            25               0.7259955               0.6876995              -0.5000000
            26               0.7259955               0.6876995               0.0000000
            27               0.7960931               0.6051742              -0.5000000
            28               0.7960931               0.6051742               0.0000000
            29               0.6473863               0.7621621              -0.5000000
            30               0.6473863               0.7621621               0.0000000
            31               0.7259955               0.6876995              -0.5000000
            32               0.7259955               0.6876995               0.0000000
            33               0.5611871               0.8276890              -0.5000000
            34               0.5611871               0.8276890               0.0000000
            35               0.6473863               0.7621621              -0.5000000
            36               0.6473863               0.7621621               0.0000000
            37               0.4684084               0.8835120              -0.5000000
            38               0.4684084               0.8835120               0.0000000
            39               0.5611871               0.8276890              -0.5000000
            40               0.5611871               0.8276890               0.0000000
            41               0.3701382               0.9289767              -0.5000000
            42               0.3701382               0.9289767               0.0000000
            43               0.4684084               0.8835120              -0.5000000
            44               0.4684084               0.8835120               0.0000000
            45               0.2675283               0.9635500              -0.5000000
            46               0.2675283               0.9635500               0.0000000
            47               0.3701382               0.9289767              -0.5000000
            48               0.3701382               0.9289767               0.0000000
            49               0.1617820               0.9868265              -0.5000000
            50               0.1617820               0.9868265               0.0000000
            51               0.2675283               0.9635500              -0.5000000
            52               0.2675283               0.9635500               0.0000000
            53               0.0541389               0.9985334              -0.5000000
            54               0.0541389               0.9985334               0.0000000
            55               0.1617820               0.9868265              -0.5000000
            56               0.1617820               0.9868265               0.0000000
            57              -0.0541389               0.9985334              -0.5000000
            58              -0.0541389               0.9985334               0.0000000
            59               0.0541389               0.9985334              -0.5000000
            60               0.0541389               0.9985334               0.0000000
            61              -0.1617820               0.9868265              -0.5000000
            62              -0.1617820               0.9868265               0.0000000
            63              -0.0541389               0.9985334              -0.5000000
            64              -0.0541389               0.9985334               0.0000000
            65              -0.2675283               0.9635500              -0.5000000
            66              -0.2675283               0.9635500               0.0000000
            67              -0.1617820               0.9868265              -0.5000000
            68              -0.1617820               0.9868265               0.0000000
            69              -0.3701382               0.9289767              -0.5000000
            70              -0.3701382               0.9289767               0.0000000
            71              -0.2675283               0.9635500              -0.5000000
            72              -0.2675283               0.9635500               0.0000000
            73              -0.4684084               0.8835120              -0.5000000
            74              -0.4684084               0.8835120               0.0000000
            75              -0.3701382               0.9289767              -0.5000000
            76              -0.3701382               0.9289767               0.0000000
            77              -0.5611871               0.8276890              -0.5000000
            78              -0.5611871               0.8276890               0.0000000
            79              -0.4684084               0.8835120              -0.5000000
            80              -0.4684084               0.8835120               0.0000000
            81              -0.6473863               0.7621621              -0.5000000
            82              -0.6473863               0.7621621               0.0000000
            83              -0.5611871               0.8276890              -0.5000000
            84              -0.5611871               0.8276890               0.0000000
            85              -0.7259955               0.6876995              -0.5000000
            86              -0.7259955               0.6876995               0.0000000
            87              -0.6473863               0.7621621              -0.5000000
            88              -0.6473863               0.7621621               0.0000000
            89              -0.7960931               0.6051742              -0.5000000
            90              -0.7960931               0.6051742               0.0000000
            91              -0.7259955               0.6876995              -0.5000000
            92              -0.7259955               0.6876995               0.0000000
            93              -0.8568572               0.5155539              -0.5000000
            94              -0.8568572               0.5155539               0.0000000
            95              -0.7960931               0.6051742              -0.5000000
            96              -0.7960931               0.6051742               0.0000000
            97              -0.9075754               0.4198891              -0.5000000
            98              -0.9075754               0.4198891               0.0000000
            99              -0.8568572               0.5155539              -0.5000000
           100              -0.8568572               0.5155539               0.0000000
           101              -0.9476532               0.3193015              -0.5000000
           102              -0.9476532               0.3193015               0.0000000
           103              -0.9075754               0.4198891              -0.5000000
           104              -0.9075754               0.4198891               0.0000000
           105              -0.9766206               0.2149704              -0.5000000
           106              -0.9766206               0.2149704               0.0000000
           107              -0.9476532               0.3193015              -0.5000000
           108              -0.9476532               0.3193015               0.0000000
           109              -0.9941380               0.1081190              -0.5000000
           110              -0.9941380               0.1081190               0.0000000
           111              -0.9766206               0.2149704              -0.5000000
           112              -0.9766206               0.2149704               0.0000000
           113              -1.0000000               0.0000000              -0.5000000
           114              -1.0000000               0.0000000               0.0000000
           115              -0.9941380               0.1081190              -0.5000000
           116              -0.9941380               0.1081190               0.0000000
           117               0.9941380               0.1081190              -1.0000000
           118               0.9941380               0.1081190              -0.5000000
           119               1.0000000               0.0000000              -1.0000000
           120               1.0000000               0.0000000              -0.5000000
           121               0.9766206               0.2149704              -1.0000000
           122               0.9766206               0.2149704              -0.5000000
           123               0.9941380               0.1081190              -1.0000000
           124               0.9941380               0.1081190              -0.5000000
           125               0.9476532               0.3193015              -1.0000000
           126               0.9476532               0.3193015              -0.5000000
           127               0.9766206               0.2149704              -1.0000000
           128               0.9766206               0.2149704              -0.5000000
           129               0.9075754               0.4198891              -1.0000000
           130               0.9075754               0.4198891              -0.5000000
           131               0.9476532               0.3193015              -1.0000000
           132               0.9476532               0.3193015              -0.5000000
           133               0.8568572               0.5155539              -1.0000000
           134               0.8568572               0.5155539              -0.5000000
           135               0.9075754               0.4198891              -1.0000000
           136               0.9075754               0.4198891              -0.5000000
           137               0.7960931               0.6051742              -1.0000000
           138               0.7960931               0.6051742              -0.5000000
           139               0.8568572               0.5155539              -1.0000000
           140               0.8568572               0.5155539              -0.5000000
           141               0.7259955               0.6876995              -1.0000000
           142               0.7259955               0.6876995              -0.5000000
           143               0.7960931               0.6051742              -1.0000000
           144               0.7960931               0.6051742              -0.5000000
           145               0.6473863               0.7621621              -1.0000000
           146               0.6473863               0.7621621              -0.5000000
           147               0.7259955               0.6876995              -1.0000000
           148               0.7259955               0.6876995              -0.5000000
           149               0.5611871               0.8276890              -1.0000000
           150               0.5611871               0.8276890              -0.5000000
           151               0.6473863               0.7621621              -1.0000000
           152               0.6473863               0.7621621              -0.5000000
           153               0.4684084               0.8835120              -1.0000000
           154               0.4684084               0.8835120              -0.5000000
           155               0.5611871               0.8276890              -1.0000000
           156               0.5611871               0.8276890              -0.5000000
           157               0.3701382               0.9289767              -1.0000000
           158               0.3701382               0.9289767              -0.5000000
           159               0.4684084               0.8835120              -1.0000000
           160               0.4684084               0.8835120              -0.5000000
           161               0.2675283               0.9635500              -1.0000000
           162               0.2675283               0.9635500              -0.5000000
           163               0.3701382               0.9289767              -1.0000000
           164               0.3701382               0.9289767              -0.5000000
           165               0.1617820               0.9868265              -1.0000000
           166               0.1617820               0.9868265              -0.5000000
           167               0.2675283               0.9635500              -1.0000000
           168               0.2675283               0.9635500              -0.5000000
           169               0.0541389               0.9985334              -1.0000000
           170               0.0541389               0.9985334              -0.5000000
           171               0.1617820               0.9868265              -1.0000000
           172               0.1617820               0.9868265              -0.5000000
           173              -0.0541389               0.9985334              -1.0000000
           174              -0.0541389               0.9985334              -0.5000000
           175               0.0541389               0.9985334              -1.0000000
           176               0.0541389               0.9985334              -0.5000000
           177              -0.1617820               0.9868265              -1.0000000
           178              -0.1617820               0.9868265              -0.5000000
           179              -0.0541389               0.9985334              -1.0000000
           180              -0.0541389               0.9985334              -0.5000000
           181              -0.2675283               0.9635500              -1.0000000
           182              -0.2675283               0.9635500              -0.5000000
           183              -0.1617820               0.9868265              -1.0000000
           184              -0.1617820               0.9868265              -0.5000000
           185              -0.3701382               0.9289767              -1.0000000
           186              -0.3701382               0.9289767              -0.5000000
           187              -0.2675283               0.9635500              -1.0000000
           188              -0.2675283               0.9635500              -0.5000000
           189              -0.4684084               0.8835120              -1.0000000
           190              -0.4684084               0.8835120              -0.5000000
           191              -0.3701382               0.9289767              -1.0000000
           192              -0.3701382               0.9289767              -0.5000000
           193              -0.5611871               0.8276890              -1.0000000
           194              -0.5611871               0.8276890              -0.5000000
           195              -0.4684084               0.8835120              -1.0000000
           196              -0.4684084               0.8835120              -0.5000000
           197              -0.6473863               0.7621621              -1.0000000
           198              -0.6473863               0.7621621              -0.5000000
           199              -0.5611871               0.8276890              -1.0000000
           200              -0.5611871               0.8276890              -0.5000000
           201              -0.7259955               0.6876995              -1.0000000
           202              -0.7259955               0.6876995              -0.5000000
           203              -0.6473863               0.7621621              -1.0000000
           204              -0.6473863               0.7621621              -0.5000000
           205              -0.7960931               0.6051742              -1.0000000
           206              -0.7960931               0.6051742              -0.5000000
           207              -0.7259955               0.6876995              -1.0000000
           208              -0.7259955               0.6876995              -0.5000000
           209              -0.8568572               0.5155539              -1.0000000
           210              -0.8568572               0.5155539              -0.5000000
           211              -0.7960931               0.6051742              -1.0000000
           212              -0.7960931               0.6051742              -0.5000000
           213              -0.9075754               0.4198891              -1.0000000
           214              -0.9075754               0.4198891              -0.5000000
           215              -0.8568572               0.5155539              -1.0000000
           216              -0.8568572               0.5155539              -0.5000000
           217              -0.9476532               0.3193015              -1.0000000
           218              -0.9476532               0.3193015              -0.5000000
           219              -0.9075754               0.4198891              -1.0000000
           220              -0.9075754               0.4198891              -0.5000000
           221              -0.9766206               0.2149704              -1.0000000
           222              -0.9766206               0.2149704              -0.5000000
           223              -0.9476532               0.3193015              -1.0000000
           224              -0.9476532               0.3193015              -0.5000000
           225              -0.9941380               0.1081190              -1.0000000
           226              -0.9941380               0.1081190              -0.5000000
           227              -0.9766206               0.2149704              -1.0000000
           228              -0.9766206               0.2149704              -0.5000000
           229              -1.0000000               0.0000000              -1.0000000
           230              -1.0000000               0.0000000              -0.5000000
           231              -0.9941380               0.1081190              -1.0000000
           232              -0.9941380               0.1081190              -0.5000000
           233               0.0000000               0.0000000              -1.0000000
           234               0.0000000               0.0000000              -1.0000000
           235               1.0000000               0.0000000              -1.0000000
           236               0.9941380               0.1081190              -1.0000000
           237               0.0000000               0.0000000              -1.0000000
           238               0.0000000               0.0000000              -1.0000000
           239               0.9941380               0.1081190              -1.0000000
           240               0.9766206               0.2149704              -1.0000000
           241               0.0000000               0.0000000              -1.0000000
           242               0.0000000               0.0000000              -1.0000000
           243               0.9766206               0.2149704              -1.0000000
           244               0.9476532               0.3193015              -1.0000000
           245               0.0000000               0.0000000              -1.0000000
           246               0.0000000               0.0000000              -1.0000000
           247               0.9476532               0.3193015              -1.0000000
           248               0.9075754               0.4198891              -1.0000000
           249               0.0000000               0.0000000              -1.0000000
           250               0.0000000               0.0000000              -1.0000000
           251               0.9075754               0.4198891              -1.0000000
           252               0.8568572               0.5155539              -1.0000000
           253               0.0000000               0.0000000              -1.0000000
           254               0.0000000               0.0000000              -1.0000000
           255               0.8568572               0.5155539              -1.0000000
           256               0.7960931               0.6051742              -1.0000000
           257               0.0000000               0.0000000              -1.0000000
           258               0.0000000               0.0000000              -1.0000000
           259               0.7960931               0.6051742              -1.0000000
           260               0.7259955               0.6876995              -1.0000000
           261               0.0000000               0.0000000              -1.0000000
           262               0.0000000               0.0000000              -1.0000000
           263               0.7259955               0.6876995              -1.0000000
           264               0.6473863               0.7621621              -1.0000000
           265               0.0000000               0.0000000              -1.0000000
           266               0.0000000               0.0000000              -1.0000000
           267               0.6473863               0.7621621              -1.0000000
           268               0.5611871               0.8276890              -1.0000000
           269               0.0000000               0.0000000              -1.0000000
           270               0.0000000               0.0000000              -1.0000000
           271               0.5611871               0.8276890              -1.0000000
           272               0.4684084               0.8835120              -1.0000000
           273               0.0000000               0.0000000              -1.0000000
           274               0.0000000               0.0000000              -1.0000000
           275               0.4684084               0.8835120              -1.0000000
           276               0.3701382               0.9289767              -1.0000000
           277               0.0000000               0.0000000              -1.0000000
           278               0.0000000               0.0000000              -1.0000000
           279               0.3701382               0.9289767              -1.0000000
           280               0.2675283               0.9635500              -1.0000000
           281               0.0000000               0.0000000              -1.0000000
           282               0.0000000               0.0000000              -1.0000000
           283               0.2675283               0.9635500              -1.0000000
           284               0.1617820               0.9868265              -1.0000000
           285               0.0000000               0.0000000              -1.0000000
           286               0.0000000               0.0000000              -1.0000000
           287               0.1617820               0.9868265              -1.0000000
           288               0.0541389               0.9985334              -1.0000000
           289               0.0000000               0.0000000              -1.0000000
           290               0.0000000               0.0000000              -1.0000000
           291               0.0541389               0.9985334              -1.0000000
           292              -0.0541389               0.9985334              -1.0000000
           293               0.0000000               0.0000000              -1.0000000
           294               0.0000000               0.0000000              -1.0000000
           295              -0.0541389               0.9985334              -1.0000000
           296              -0.1617820               0.9868265              -1.0000000
           297               0.0000000               0.0000000              -1.0000000
           298               0.0000000               0.0000000              -1.0000000
           299              -0.1617820               0.9868265              -1.0000000
           300              -0.2675283               0.9635500              -1.0000000
           301               0.0000000               0.0000000              -1.0000000
           302               0.0000000               0.0000000              -1.0000000
           303              -0.2675283               0.9635500              -1.0000000
           304              -0.3701382               0.9289767              -1.0000000
           305               0.0000000               0.0000000              -1.0000000
           306               0.0000000               0.0000000              -1.0000000
           307              -0.3701382               0.9289767              -1.0000000
           308              -0.4684084               0.8835120              -1.0000000
           309               0.0000000               0.0000000              -1.0000000
           310               0.0000000               0.0000000              -1.0000000
           311              -0.4684084               0.8835120              -1.0000000
           312              -0.5611871               0.8276890              -1.0000000
           313               0.0000000               0.0000000              -1.0000000
           314               0.0000000               0.0000000              -1.0000000
           315              -0.5611871               0.8276890              -1.0000000
           316              -0.6473863               0.7621621              -1.0000000
           317               0.0000000               0.0000000              -1.0000000
           318               0.0000000               0.0000000              -1.0000000
           319              -0.6473863               0.7621621              -1.0000000
           320              -0.7259955               0.6876995              -1.0000000
           321               0.0000000               0.0000000              -1.0000000
           322               0.0000000               0.0000000              -1.0000000
           323              -0.7259955               0.6876995              -1.0000000
           324              -0.7960931               0.6051742              -1.0000000
           325               0.0000000               0.0000000              -1.0000000
           326               0.0000000               0.0000000              -1.0000000
           327              -0.7960931               0.6051742              -1.0000000
           328              -0.8568572               0.5155539              -1.0000000
           329               0.0000000               0.0000000              -1.0000000
           330               0.0000000               0.0000000              -1.0000000
           331              -0.8568572               0.5155539              -1.0000000
           332              -0.9075754               0.4198891              -1.0000000
           333               0.0000000               0.0000000              -1.0000000
           334               0.0000000               0.0000000              -1.0000000
           335              -0.9075754               0.4198891              -1.0000000
           336              -0.9476532               0.3193015              -1.0000000
           337               0.0000000               0.0000000              -1.0000000
           338               0.0000000               0.0000000              -1.0000000
           339              -0.9476532               0.3193015              -1.0000000
           340              -0.9766206               0.2149704              -1.0000000
           341               0.0000000               0.0000000              -1.0000000
           342               0.0000000               0.0000000              -1.0000000
           343              -0.9766206               0.2149704              -1.0000000
           344              -0.9941380               0.1081190              -1.0000000
           345               0.0000000               0.0000000              -1.0000000
           346               0.0000000               0.0000000              -1.0000000
           347              -0.9941380               0.1081190              -1.0000000
           348              -1.0000000               0.0000000              -1.0000000
             0          0.00          0.00          0.00
             1             2             4             3
             5             6             8             7
             9            10            12            11
            13            14            16            15
            17            18            20            19
            21            22            24            23
            25            26            28            27
            29            30            32            31
            33            34            36            35
            37            38            40            39
            41            42            44            43
            45            46            48            47
            49            50            52            51
            53            54            56            55
            57            58            60            59
            61            62            64            63
            65            66            68            67
            69            70            72            71
            73            74            76            75
            77            78            80            79
            81            82            84            83
            85            86            88            87
            89            90            92            91
            93            94            96            95
            97            98           100            99
           101           102           104           103
           105           106           108           107
           109           110           112           111
           113           114           116           115
           117           118           120           119
           121           122           124           123
           125           126           128           127
           129           130           132           131
           133           134           136           135
           137           138           140           139
           141           142           144           143
           145           146           148           147
           149           150           152           151
           153           154           156           155
           157           158           160           159
           161           162           164           163
           165           166           168           167
           169           170           172           171
           173           174           176           175
           177           178           180           179
           181           182           184           183
           185           186           188           187
           189           190           192           191
           193           194           196           195
           197           198           200           199
           201           202           204           203
           205           206           208           207
           209           210           212           211
           213           214           216           215
           217           218           220           219
           221           222           224           223
           225           226           228           227
           229           230           232           231
           233           234           236           235
           237           238           240           239
           241           242           244           243
           245           246           248           247
           249           250           252           251
           253           254           256           255
           257           258           260           259
           261           262           264           263
           265           266           268           267
           269           270           272           271
           273           274           276           275
           277           278           280           279
           281           282           284           283
           285           286           288           287
           289           290           292           291
           293           294           296           295
           297           298           300           299
           301           302           304           303
           305           306           308           307
           309           310           312           311
           313           314           316           315
           317           318           320           319
           321           322           324           323
           325           326           328           327
           329           330           332           331
           333           334           336           335
           337           338           340           339
           341           342           344           343
           345           346           348           347
          0          0          0          0
