725 
672 
0.000000E+00 0.000000E+00 0.000000E+00 
5.000000E-02 0.000000E+00 0.000000E+00 
1.000000E-01 0.000000E+00 0.000000E+00 
1.500000E-01 0.000000E+00 0.000000E+00 
2.000000E-01 0.000000E+00 0.000000E+00 
2.500000E-01 0.000000E+00 0.000000E+00 
3.000000E-01 0.000000E+00 0.000000E+00 
3.500000E-01 0.000000E+00 0.000000E+00 
3.500000E-01 0.000000E+00 -4.500000E-02 
3.500000E-01 0.000000E+00 -9.000000E-02 
3.500000E-01 0.000000E+00 -1.350000E-01 
3.500000E-01 0.000000E+00 -1.800000E-01 
3.500000E-01 0.000000E+00 -2.250000E-01 
3.500000E-01 0.000000E+00 -2.700000E-01 
3.500000E-01 0.000000E+00 -3.150000E-01 
3.500000E-01 0.000000E+00 -3.600000E-01 
3.500000E-01 0.000000E+00 -4.050000E-01 
3.500000E-01 0.000000E+00 -4.500000E-01 
3.500000E-01 0.000000E+00 -4.950000E-01 
3.500000E-01 0.000000E+00 -5.400000E-01 
3.500000E-01 0.000000E+00 -5.850000E-01 
3.500000E-01 0.000000E+00 -6.300000E-01 
3.000000E-01 0.000000E+00 -6.300000E-01 
2.500000E-01 0.000000E+00 -6.300000E-01 
2.000000E-01 0.000000E+00 -6.300000E-01 
1.500000E-01 0.000000E+00 -6.300000E-01 
1.000000E-01 0.000000E+00 -6.300000E-01 
5.000000E-02 0.000000E+00 -6.300000E-01 
0.000000E+00 0.000000E+00 -6.300000E-01 
0.000000E+00 0.000000E+00 0.000000E+00 
4.957224E-02 6.526310E-03 0.000000E+00 
9.914449E-02 1.305262E-02 0.000000E+00 
1.487167E-01 1.957893E-02 0.000000E+00 
1.982890E-01 2.610524E-02 0.000000E+00 
2.478612E-01 3.263155E-02 0.000000E+00 
2.974335E-01 3.915786E-02 0.000000E+00 
3.470057E-01 4.568417E-02 0.000000E+00 
3.470057E-01 4.568417E-02 -4.500000E-02 
3.470057E-01 4.568417E-02 -9.000000E-02 
3.470057E-01 4.568417E-02 -1.350000E-01 
3.470057E-01 4.568417E-02 -1.800000E-01 
3.470057E-01 4.568417E-02 -2.250000E-01 
3.470057E-01 4.568417E-02 -2.700000E-01 
3.470057E-01 4.568417E-02 -3.150000E-01 
3.470057E-01 4.568417E-02 -3.600000E-01 
3.470057E-01 4.568417E-02 -4.050000E-01 
3.470057E-01 4.568417E-02 -4.500000E-01 
3.470057E-01 4.568417E-02 -4.950000E-01 
3.470057E-01 4.568417E-02 -5.400000E-01 
3.470057E-01 4.568417E-02 -5.850000E-01 
3.470057E-01 4.568417E-02 -6.300000E-01 
2.974335E-01 3.915786E-02 -6.300000E-01 
2.478612E-01 3.263155E-02 -6.300000E-01 
1.982890E-01 2.610524E-02 -6.300000E-01 
1.487167E-01 1.957893E-02 -6.300000E-01 
9.914449E-02 1.305262E-02 -6.300000E-01 
4.957224E-02 6.526310E-03 -6.300000E-01 
0.000000E+00 0.000000E+00 -6.300000E-01 
0.000000E+00 0.000000E+00 0.000000E+00 
4.829629E-02 1.294095E-02 0.000000E+00 
9.659258E-02 2.588190E-02 0.000000E+00 
1.448889E-01 3.882286E-02 0.000000E+00 
1.931852E-01 5.176381E-02 0.000000E+00 
2.414815E-01 6.470476E-02 0.000000E+00 
2.897777E-01 7.764571E-02 0.000000E+00 
3.380740E-01 9.058667E-02 0.000000E+00 
3.380740E-01 9.058667E-02 -4.500000E-02 
3.380740E-01 9.058667E-02 -9.000000E-02 
3.380740E-01 9.058667E-02 -1.350000E-01 
3.380740E-01 9.058667E-02 -1.800000E-01 
3.380740E-01 9.058667E-02 -2.250000E-01 
3.380740E-01 9.058667E-02 -2.700000E-01 
3.380740E-01 9.058667E-02 -3.150000E-01 
3.380740E-01 9.058667E-02 -3.600000E-01 
3.380740E-01 9.058667E-02 -4.050000E-01 
3.380740E-01 9.058667E-02 -4.500000E-01 
3.380740E-01 9.058667E-02 -4.950000E-01 
3.380740E-01 9.058667E-02 -5.400000E-01 
3.380740E-01 9.058667E-02 -5.850000E-01 
3.380740E-01 9.058667E-02 -6.300000E-01 
2.897777E-01 7.764571E-02 -6.300000E-01 
2.414815E-01 6.470476E-02 -6.300000E-01 
1.931852E-01 5.176381E-02 -6.300000E-01 
1.448889E-01 3.882286E-02 -6.300000E-01 
9.659258E-02 2.588190E-02 -6.300000E-01 
4.829629E-02 1.294095E-02 -6.300000E-01 
0.000000E+00 0.000000E+00 -6.300000E-01 
0.000000E+00 0.000000E+00 0.000000E+00 
4.619398E-02 1.913417E-02 0.000000E+00 
9.238795E-02 3.826834E-02 0.000000E+00 
1.385819E-01 5.740251E-02 0.000000E+00 
1.847759E-01 7.653669E-02 0.000000E+00 
2.309699E-01 9.567086E-02 0.000000E+00 
2.771639E-01 1.148050E-01 0.000000E+00 
3.233578E-01 1.339392E-01 0.000000E+00 
3.233578E-01 1.339392E-01 -4.500000E-02 
3.233578E-01 1.339392E-01 -9.000000E-02 
3.233578E-01 1.339392E-01 -1.350000E-01 
3.233578E-01 1.339392E-01 -1.800000E-01 
3.233578E-01 1.339392E-01 -2.250000E-01 
3.233578E-01 1.339392E-01 -2.700000E-01 
3.233578E-01 1.339392E-01 -3.150000E-01 
3.233578E-01 1.339392E-01 -3.600000E-01 
3.233578E-01 1.339392E-01 -4.050000E-01 
3.233578E-01 1.339392E-01 -4.500000E-01 
3.233578E-01 1.339392E-01 -4.950000E-01 
3.233578E-01 1.339392E-01 -5.400000E-01 
3.233578E-01 1.339392E-01 -5.850000E-01 
3.233578E-01 1.339392E-01 -6.300000E-01 
2.771639E-01 1.148050E-01 -6.300000E-01 
2.309699E-01 9.567086E-02 -6.300000E-01 
1.847759E-01 7.653669E-02 -6.300000E-01 
1.385819E-01 5.740251E-02 -6.300000E-01 
9.238795E-02 3.826834E-02 -6.300000E-01 
4.619398E-02 1.913417E-02 -6.300000E-01 
0.000000E+00 0.000000E+00 -6.300000E-01 
0.000000E+00 0.000000E+00 0.000000E+00 
4.330127E-02 2.500000E-02 0.000000E+00 
8.660254E-02 5.000000E-02 0.000000E+00 
1.299038E-01 7.500000E-02 0.000000E+00 
1.732051E-01 1.000000E-01 0.000000E+00 
2.165064E-01 1.250000E-01 0.000000E+00 
2.598076E-01 1.500000E-01 0.000000E+00 
3.031089E-01 1.750000E-01 0.000000E+00 
3.031089E-01 1.750000E-01 -4.500000E-02 
3.031089E-01 1.750000E-01 -9.000000E-02 
3.031089E-01 1.750000E-01 -1.350000E-01 
3.031089E-01 1.750000E-01 -1.800000E-01 
3.031089E-01 1.750000E-01 -2.250000E-01 
3.031089E-01 1.750000E-01 -2.700000E-01 
3.031089E-01 1.750000E-01 -3.150000E-01 
3.031089E-01 1.750000E-01 -3.600000E-01 
3.031089E-01 1.750000E-01 -4.050000E-01 
3.031089E-01 1.750000E-01 -4.500000E-01 
3.031089E-01 1.750000E-01 -4.950000E-01 
3.031089E-01 1.750000E-01 -5.400000E-01 
3.031089E-01 1.750000E-01 -5.850000E-01 
3.031089E-01 1.750000E-01 -6.300000E-01 
2.598076E-01 1.500000E-01 -6.300000E-01 
2.165064E-01 1.250000E-01 -6.300000E-01 
1.732051E-01 1.000000E-01 -6.300000E-01 
1.299038E-01 7.500000E-02 -6.300000E-01 
8.660254E-02 5.000000E-02 -6.300000E-01 
4.330127E-02 2.500000E-02 -6.300000E-01 
0.000000E+00 0.000000E+00 -6.300000E-01 
0.000000E+00 0.000000E+00 0.000000E+00 
3.966767E-02 3.043807E-02 0.000000E+00 
7.933533E-02 6.087614E-02 0.000000E+00 
1.190030E-01 9.131421E-02 0.000000E+00 
1.586707E-01 1.217523E-01 0.000000E+00 
1.983383E-01 1.521904E-01 0.000000E+00 
2.380060E-01 1.826284E-01 0.000000E+00 
2.776737E-01 2.130665E-01 0.000000E+00 
2.776737E-01 2.130665E-01 -4.500000E-02 
2.776737E-01 2.130665E-01 -9.000000E-02 
2.776737E-01 2.130665E-01 -1.350000E-01 
2.776737E-01 2.130665E-01 -1.800000E-01 
2.776737E-01 2.130665E-01 -2.250000E-01 
2.776737E-01 2.130665E-01 -2.700000E-01 
2.776737E-01 2.130665E-01 -3.150000E-01 
2.776737E-01 2.130665E-01 -3.600000E-01 
2.776737E-01 2.130665E-01 -4.050000E-01 
2.776737E-01 2.130665E-01 -4.500000E-01 
2.776737E-01 2.130665E-01 -4.950000E-01 
2.776737E-01 2.130665E-01 -5.400000E-01 
2.776737E-01 2.130665E-01 -5.850000E-01 
2.776737E-01 2.130665E-01 -6.300000E-01 
2.380060E-01 1.826284E-01 -6.300000E-01 
1.983383E-01 1.521904E-01 -6.300000E-01 
1.586707E-01 1.217523E-01 -6.300000E-01 
1.190030E-01 9.131421E-02 -6.300000E-01 
7.933533E-02 6.087614E-02 -6.300000E-01 
3.966767E-02 3.043807E-02 -6.300000E-01 
0.000000E+00 0.000000E+00 -6.300000E-01 
0.000000E+00 0.000000E+00 0.000000E+00 
3.535534E-02 3.535534E-02 0.000000E+00 
7.071068E-02 7.071068E-02 0.000000E+00 
1.060660E-01 1.060660E-01 0.000000E+00 
1.414214E-01 1.414214E-01 0.000000E+00 
1.767767E-01 1.767767E-01 0.000000E+00 
2.121320E-01 2.121320E-01 0.000000E+00 
2.474874E-01 2.474874E-01 0.000000E+00 
2.474874E-01 2.474874E-01 -4.500000E-02 
2.474874E-01 2.474874E-01 -9.000000E-02 
2.474874E-01 2.474874E-01 -1.350000E-01 
2.474874E-01 2.474874E-01 -1.800000E-01 
2.474874E-01 2.474874E-01 -2.250000E-01 
2.474874E-01 2.474874E-01 -2.700000E-01 
2.474874E-01 2.474874E-01 -3.150000E-01 
2.474874E-01 2.474874E-01 -3.600000E-01 
2.474874E-01 2.474874E-01 -4.050000E-01 
2.474874E-01 2.474874E-01 -4.500000E-01 
2.474874E-01 2.474874E-01 -4.950000E-01 
2.474874E-01 2.474874E-01 -5.400000E-01 
2.474874E-01 2.474874E-01 -5.850000E-01 
2.474874E-01 2.474874E-01 -6.300000E-01 
2.121320E-01 2.121320E-01 -6.300000E-01 
1.767767E-01 1.767767E-01 -6.300000E-01 
1.414214E-01 1.414214E-01 -6.300000E-01 
1.060660E-01 1.060660E-01 -6.300000E-01 
7.071068E-02 7.071068E-02 -6.300000E-01 
3.535534E-02 3.535534E-02 -6.300000E-01 
0.000000E+00 0.000000E+00 -6.300000E-01 
0.000000E+00 0.000000E+00 0.000000E+00 
3.043807E-02 3.966767E-02 0.000000E+00 
6.087614E-02 7.933533E-02 0.000000E+00 
9.131421E-02 1.190030E-01 0.000000E+00 
1.217523E-01 1.586707E-01 0.000000E+00 
1.521904E-01 1.983383E-01 0.000000E+00 
1.826284E-01 2.380060E-01 0.000000E+00 
2.130665E-01 2.776737E-01 0.000000E+00 
2.130665E-01 2.776737E-01 -4.500000E-02 
2.130665E-01 2.776737E-01 -9.000000E-02 
2.130665E-01 2.776737E-01 -1.350000E-01 
2.130665E-01 2.776737E-01 -1.800000E-01 
2.130665E-01 2.776737E-01 -2.250000E-01 
2.130665E-01 2.776737E-01 -2.700000E-01 
2.130665E-01 2.776737E-01 -3.150000E-01 
2.130665E-01 2.776737E-01 -3.600000E-01 
2.130665E-01 2.776737E-01 -4.050000E-01 
2.130665E-01 2.776737E-01 -4.500000E-01 
2.130665E-01 2.776737E-01 -4.950000E-01 
2.130665E-01 2.776737E-01 -5.400000E-01 
2.130665E-01 2.776737E-01 -5.850000E-01 
2.130665E-01 2.776737E-01 -6.300000E-01 
1.826284E-01 2.380060E-01 -6.300000E-01 
1.521904E-01 1.983383E-01 -6.300000E-01 
1.217523E-01 1.586707E-01 -6.300000E-01 
9.131421E-02 1.190030E-01 -6.300000E-01 
6.087614E-02 7.933533E-02 -6.300000E-01 
3.043807E-02 3.966767E-02 -6.300000E-01 
0.000000E+00 0.000000E+00 -6.300000E-01 
0.000000E+00 0.000000E+00 0.000000E+00 
2.500000E-02 4.330127E-02 0.000000E+00 
5.000000E-02 8.660254E-02 0.000000E+00 
7.500000E-02 1.299038E-01 0.000000E+00 
1.000000E-01 1.732051E-01 0.000000E+00 
1.250000E-01 2.165064E-01 0.000000E+00 
1.500000E-01 2.598076E-01 0.000000E+00 
1.750000E-01 3.031089E-01 0.000000E+00 
1.750000E-01 3.031089E-01 -4.500000E-02 
1.750000E-01 3.031089E-01 -9.000000E-02 
1.750000E-01 3.031089E-01 -1.350000E-01 
1.750000E-01 3.031089E-01 -1.800000E-01 
1.750000E-01 3.031089E-01 -2.250000E-01 
1.750000E-01 3.031089E-01 -2.700000E-01 
1.750000E-01 3.031089E-01 -3.150000E-01 
1.750000E-01 3.031089E-01 -3.600000E-01 
1.750000E-01 3.031089E-01 -4.050000E-01 
1.750000E-01 3.031089E-01 -4.500000E-01 
1.750000E-01 3.031089E-01 -4.950000E-01 
1.750000E-01 3.031089E-01 -5.400000E-01 
1.750000E-01 3.031089E-01 -5.850000E-01 
1.750000E-01 3.031089E-01 -6.300000E-01 
1.500000E-01 2.598076E-01 -6.300000E-01 
1.250000E-01 2.165064E-01 -6.300000E-01 
1.000000E-01 1.732051E-01 -6.300000E-01 
7.500000E-02 1.299038E-01 -6.300000E-01 
5.000000E-02 8.660254E-02 -6.300000E-01 
2.500000E-02 4.330127E-02 -6.300000E-01 
0.000000E+00 0.000000E+00 -6.300000E-01 
0.000000E+00 0.000000E+00 0.000000E+00 
1.913417E-02 4.619398E-02 0.000000E+00 
3.826834E-02 9.238795E-02 0.000000E+00 
5.740251E-02 1.385819E-01 0.000000E+00 
7.653669E-02 1.847759E-01 0.000000E+00 
9.567086E-02 2.309699E-01 0.000000E+00 
1.148050E-01 2.771639E-01 0.000000E+00 
1.339392E-01 3.233578E-01 0.000000E+00 
1.339392E-01 3.233578E-01 -4.500000E-02 
1.339392E-01 3.233578E-01 -9.000000E-02 
1.339392E-01 3.233578E-01 -1.350000E-01 
1.339392E-01 3.233578E-01 -1.800000E-01 
1.339392E-01 3.233578E-01 -2.250000E-01 
1.339392E-01 3.233578E-01 -2.700000E-01 
1.339392E-01 3.233578E-01 -3.150000E-01 
1.339392E-01 3.233578E-01 -3.600000E-01 
1.339392E-01 3.233578E-01 -4.050000E-01 
1.339392E-01 3.233578E-01 -4.500000E-01 
1.339392E-01 3.233578E-01 -4.950000E-01 
1.339392E-01 3.233578E-01 -5.400000E-01 
1.339392E-01 3.233578E-01 -5.850000E-01 
1.339392E-01 3.233578E-01 -6.300000E-01 
1.148050E-01 2.771639E-01 -6.300000E-01 
9.567086E-02 2.309699E-01 -6.300000E-01 
7.653669E-02 1.847759E-01 -6.300000E-01 
5.740251E-02 1.385819E-01 -6.300000E-01 
3.826834E-02 9.238795E-02 -6.300000E-01 
1.913417E-02 4.619398E-02 -6.300000E-01 
0.000000E+00 0.000000E+00 -6.300000E-01 
0.000000E+00 0.000000E+00 0.000000E+00 
1.294095E-02 4.829629E-02 0.000000E+00 
2.588190E-02 9.659258E-02 0.000000E+00 
3.882286E-02 1.448889E-01 0.000000E+00 
5.176381E-02 1.931852E-01 0.000000E+00 
6.470476E-02 2.414815E-01 0.000000E+00 
7.764571E-02 2.897777E-01 0.000000E+00 
9.058667E-02 3.380740E-01 0.000000E+00 
9.058667E-02 3.380740E-01 -4.500000E-02 
9.058667E-02 3.380740E-01 -9.000000E-02 
9.058667E-02 3.380740E-01 -1.350000E-01 
9.058667E-02 3.380740E-01 -1.800000E-01 
9.058667E-02 3.380740E-01 -2.250000E-01 
9.058667E-02 3.380740E-01 -2.700000E-01 
9.058667E-02 3.380740E-01 -3.150000E-01 
9.058667E-02 3.380740E-01 -3.600000E-01 
9.058667E-02 3.380740E-01 -4.050000E-01 
9.058667E-02 3.380740E-01 -4.500000E-01 
9.058667E-02 3.380740E-01 -4.950000E-01 
9.058667E-02 3.380740E-01 -5.400000E-01 
9.058667E-02 3.380740E-01 -5.850000E-01 
9.058667E-02 3.380740E-01 -6.300000E-01 
7.764571E-02 2.897777E-01 -6.300000E-01 
6.470476E-02 2.414815E-01 -6.300000E-01 
5.176381E-02 1.931852E-01 -6.300000E-01 
3.882286E-02 1.448889E-01 -6.300000E-01 
2.588190E-02 9.659258E-02 -6.300000E-01 
1.294095E-02 4.829629E-02 -6.300000E-01 
0.000000E+00 0.000000E+00 -6.300000E-01 
0.000000E+00 0.000000E+00 0.000000E+00 
6.526310E-03 4.957224E-02 0.000000E+00 
1.305262E-02 9.914449E-02 0.000000E+00 
1.957893E-02 1.487167E-01 0.000000E+00 
2.610524E-02 1.982890E-01 0.000000E+00 
3.263155E-02 2.478612E-01 0.000000E+00 
3.915786E-02 2.974335E-01 0.000000E+00 
4.568417E-02 3.470057E-01 0.000000E+00 
4.568417E-02 3.470057E-01 -4.500000E-02 
4.568417E-02 3.470057E-01 -9.000000E-02 
4.568417E-02 3.470057E-01 -1.350000E-01 
4.568417E-02 3.470057E-01 -1.800000E-01 
4.568417E-02 3.470057E-01 -2.250000E-01 
4.568417E-02 3.470057E-01 -2.700000E-01 
4.568417E-02 3.470057E-01 -3.150000E-01 
4.568417E-02 3.470057E-01 -3.600000E-01 
4.568417E-02 3.470057E-01 -4.050000E-01 
4.568417E-02 3.470057E-01 -4.500000E-01 
4.568417E-02 3.470057E-01 -4.950000E-01 
4.568417E-02 3.470057E-01 -5.400000E-01 
4.568417E-02 3.470057E-01 -5.850000E-01 
4.568417E-02 3.470057E-01 -6.300000E-01 
3.915786E-02 2.974335E-01 -6.300000E-01 
3.263155E-02 2.478612E-01 -6.300000E-01 
2.610524E-02 1.982890E-01 -6.300000E-01 
1.957893E-02 1.487167E-01 -6.300000E-01 
1.305262E-02 9.914449E-02 -6.300000E-01 
6.526310E-03 4.957224E-02 -6.300000E-01 
0.000000E+00 0.000000E+00 -6.300000E-01 
0.000000E+00 0.000000E+00 0.000000E+00 
3.061617E-18 5.000000E-02 0.000000E+00 
6.123234E-18 1.000000E-01 0.000000E+00 
9.184851E-18 1.500000E-01 0.000000E+00 
1.224647E-17 2.000000E-01 0.000000E+00 
1.530808E-17 2.500000E-01 0.000000E+00 
1.836970E-17 3.000000E-01 0.000000E+00 
2.143132E-17 3.500000E-01 0.000000E+00 
2.143132E-17 3.500000E-01 -4.500000E-02 
2.143132E-17 3.500000E-01 -9.000000E-02 
2.143132E-17 3.500000E-01 -1.350000E-01 
2.143132E-17 3.500000E-01 -1.800000E-01 
2.143132E-17 3.500000E-01 -2.250000E-01 
2.143132E-17 3.500000E-01 -2.700000E-01 
2.143132E-17 3.500000E-01 -3.150000E-01 
2.143132E-17 3.500000E-01 -3.600000E-01 
2.143132E-17 3.500000E-01 -4.050000E-01 
2.143132E-17 3.500000E-01 -4.500000E-01 
2.143132E-17 3.500000E-01 -4.950000E-01 
2.143132E-17 3.500000E-01 -5.400000E-01 
2.143132E-17 3.500000E-01 -5.850000E-01 
2.143132E-17 3.500000E-01 -6.300000E-01 
1.836970E-17 3.000000E-01 -6.300000E-01 
1.530808E-17 2.500000E-01 -6.300000E-01 
1.224647E-17 2.000000E-01 -6.300000E-01 
9.184851E-18 1.500000E-01 -6.300000E-01 
6.123234E-18 1.000000E-01 -6.300000E-01 
3.061617E-18 5.000000E-02 -6.300000E-01 
0.000000E+00 0.000000E+00 -6.300000E-01 
-0.000000E+00 0.000000E+00 0.000000E+00 
-6.526310E-03 4.957224E-02 0.000000E+00 
-1.305262E-02 9.914449E-02 0.000000E+00 
-1.957893E-02 1.487167E-01 0.000000E+00 
-2.610524E-02 1.982890E-01 0.000000E+00 
-3.263155E-02 2.478612E-01 0.000000E+00 
-3.915786E-02 2.974335E-01 0.000000E+00 
-4.568417E-02 3.470057E-01 0.000000E+00 
-4.568417E-02 3.470057E-01 -4.500000E-02 
-4.568417E-02 3.470057E-01 -9.000000E-02 
-4.568417E-02 3.470057E-01 -1.350000E-01 
-4.568417E-02 3.470057E-01 -1.800000E-01 
-4.568417E-02 3.470057E-01 -2.250000E-01 
-4.568417E-02 3.470057E-01 -2.700000E-01 
-4.568417E-02 3.470057E-01 -3.150000E-01 
-4.568417E-02 3.470057E-01 -3.600000E-01 
-4.568417E-02 3.470057E-01 -4.050000E-01 
-4.568417E-02 3.470057E-01 -4.500000E-01 
-4.568417E-02 3.470057E-01 -4.950000E-01 
-4.568417E-02 3.470057E-01 -5.400000E-01 
-4.568417E-02 3.470057E-01 -5.850000E-01 
-4.568417E-02 3.470057E-01 -6.300000E-01 
-3.915786E-02 2.974335E-01 -6.300000E-01 
-3.263155E-02 2.478612E-01 -6.300000E-01 
-2.610524E-02 1.982890E-01 -6.300000E-01 
-1.957893E-02 1.487167E-01 -6.300000E-01 
-1.305262E-02 9.914449E-02 -6.300000E-01 
-6.526310E-03 4.957224E-02 -6.300000E-01 
-0.000000E+00 0.000000E+00 -6.300000E-01 
-0.000000E+00 0.000000E+00 0.000000E+00 
-1.294095E-02 4.829629E-02 0.000000E+00 
-2.588190E-02 9.659258E-02 0.000000E+00 
-3.882286E-02 1.448889E-01 0.000000E+00 
-5.176381E-02 1.931852E-01 0.000000E+00 
-6.470476E-02 2.414815E-01 0.000000E+00 
-7.764571E-02 2.897777E-01 0.000000E+00 
-9.058667E-02 3.380740E-01 0.000000E+00 
-9.058667E-02 3.380740E-01 -4.500000E-02 
-9.058667E-02 3.380740E-01 -9.000000E-02 
-9.058667E-02 3.380740E-01 -1.350000E-01 
-9.058667E-02 3.380740E-01 -1.800000E-01 
-9.058667E-02 3.380740E-01 -2.250000E-01 
-9.058667E-02 3.380740E-01 -2.700000E-01 
-9.058667E-02 3.380740E-01 -3.150000E-01 
-9.058667E-02 3.380740E-01 -3.600000E-01 
-9.058667E-02 3.380740E-01 -4.050000E-01 
-9.058667E-02 3.380740E-01 -4.500000E-01 
-9.058667E-02 3.380740E-01 -4.950000E-01 
-9.058667E-02 3.380740E-01 -5.400000E-01 
-9.058667E-02 3.380740E-01 -5.850000E-01 
-9.058667E-02 3.380740E-01 -6.300000E-01 
-7.764571E-02 2.897777E-01 -6.300000E-01 
-6.470476E-02 2.414815E-01 -6.300000E-01 
-5.176381E-02 1.931852E-01 -6.300000E-01 
-3.882286E-02 1.448889E-01 -6.300000E-01 
-2.588190E-02 9.659258E-02 -6.300000E-01 
-1.294095E-02 4.829629E-02 -6.300000E-01 
-0.000000E+00 0.000000E+00 -6.300000E-01 
-0.000000E+00 0.000000E+00 0.000000E+00 
-1.913417E-02 4.619398E-02 0.000000E+00 
-3.826834E-02 9.238795E-02 0.000000E+00 
-5.740251E-02 1.385819E-01 0.000000E+00 
-7.653669E-02 1.847759E-01 0.000000E+00 
-9.567086E-02 2.309699E-01 0.000000E+00 
-1.148050E-01 2.771639E-01 0.000000E+00 
-1.339392E-01 3.233578E-01 0.000000E+00 
-1.339392E-01 3.233578E-01 -4.500000E-02 
-1.339392E-01 3.233578E-01 -9.000000E-02 
-1.339392E-01 3.233578E-01 -1.350000E-01 
-1.339392E-01 3.233578E-01 -1.800000E-01 
-1.339392E-01 3.233578E-01 -2.250000E-01 
-1.339392E-01 3.233578E-01 -2.700000E-01 
-1.339392E-01 3.233578E-01 -3.150000E-01 
-1.339392E-01 3.233578E-01 -3.600000E-01 
-1.339392E-01 3.233578E-01 -4.050000E-01 
-1.339392E-01 3.233578E-01 -4.500000E-01 
-1.339392E-01 3.233578E-01 -4.950000E-01 
-1.339392E-01 3.233578E-01 -5.400000E-01 
-1.339392E-01 3.233578E-01 -5.850000E-01 
-1.339392E-01 3.233578E-01 -6.300000E-01 
-1.148050E-01 2.771639E-01 -6.300000E-01 
-9.567086E-02 2.309699E-01 -6.300000E-01 
-7.653669E-02 1.847759E-01 -6.300000E-01 
-5.740251E-02 1.385819E-01 -6.300000E-01 
-3.826834E-02 9.238795E-02 -6.300000E-01 
-1.913417E-02 4.619398E-02 -6.300000E-01 
-0.000000E+00 0.000000E+00 -6.300000E-01 
-0.000000E+00 0.000000E+00 0.000000E+00 
-2.500000E-02 4.330127E-02 0.000000E+00 
-5.000000E-02 8.660254E-02 0.000000E+00 
-7.500000E-02 1.299038E-01 0.000000E+00 
-1.000000E-01 1.732051E-01 0.000000E+00 
-1.250000E-01 2.165064E-01 0.000000E+00 
-1.500000E-01 2.598076E-01 0.000000E+00 
-1.750000E-01 3.031089E-01 0.000000E+00 
-1.750000E-01 3.031089E-01 -4.500000E-02 
-1.750000E-01 3.031089E-01 -9.000000E-02 
-1.750000E-01 3.031089E-01 -1.350000E-01 
-1.750000E-01 3.031089E-01 -1.800000E-01 
-1.750000E-01 3.031089E-01 -2.250000E-01 
-1.750000E-01 3.031089E-01 -2.700000E-01 
-1.750000E-01 3.031089E-01 -3.150000E-01 
-1.750000E-01 3.031089E-01 -3.600000E-01 
-1.750000E-01 3.031089E-01 -4.050000E-01 
-1.750000E-01 3.031089E-01 -4.500000E-01 
-1.750000E-01 3.031089E-01 -4.950000E-01 
-1.750000E-01 3.031089E-01 -5.400000E-01 
-1.750000E-01 3.031089E-01 -5.850000E-01 
-1.750000E-01 3.031089E-01 -6.300000E-01 
-1.500000E-01 2.598076E-01 -6.300000E-01 
-1.250000E-01 2.165064E-01 -6.300000E-01 
-1.000000E-01 1.732051E-01 -6.300000E-01 
-7.500000E-02 1.299038E-01 -6.300000E-01 
-5.000000E-02 8.660254E-02 -6.300000E-01 
-2.500000E-02 4.330127E-02 -6.300000E-01 
-0.000000E+00 0.000000E+00 -6.300000E-01 
-0.000000E+00 0.000000E+00 0.000000E+00 
-3.043807E-02 3.966767E-02 0.000000E+00 
-6.087614E-02 7.933533E-02 0.000000E+00 
-9.131421E-02 1.190030E-01 0.000000E+00 
-1.217523E-01 1.586707E-01 0.000000E+00 
-1.521904E-01 1.983383E-01 0.000000E+00 
-1.826284E-01 2.380060E-01 0.000000E+00 
-2.130665E-01 2.776737E-01 0.000000E+00 
-2.130665E-01 2.776737E-01 -4.500000E-02 
-2.130665E-01 2.776737E-01 -9.000000E-02 
-2.130665E-01 2.776737E-01 -1.350000E-01 
-2.130665E-01 2.776737E-01 -1.800000E-01 
-2.130665E-01 2.776737E-01 -2.250000E-01 
-2.130665E-01 2.776737E-01 -2.700000E-01 
-2.130665E-01 2.776737E-01 -3.150000E-01 
-2.130665E-01 2.776737E-01 -3.600000E-01 
-2.130665E-01 2.776737E-01 -4.050000E-01 
-2.130665E-01 2.776737E-01 -4.500000E-01 
-2.130665E-01 2.776737E-01 -4.950000E-01 
-2.130665E-01 2.776737E-01 -5.400000E-01 
-2.130665E-01 2.776737E-01 -5.850000E-01 
-2.130665E-01 2.776737E-01 -6.300000E-01 
-1.826284E-01 2.380060E-01 -6.300000E-01 
-1.521904E-01 1.983383E-01 -6.300000E-01 
-1.217523E-01 1.586707E-01 -6.300000E-01 
-9.131421E-02 1.190030E-01 -6.300000E-01 
-6.087614E-02 7.933533E-02 -6.300000E-01 
-3.043807E-02 3.966767E-02 -6.300000E-01 
-0.000000E+00 0.000000E+00 -6.300000E-01 
-0.000000E+00 0.000000E+00 0.000000E+00 
-3.535534E-02 3.535534E-02 0.000000E+00 
-7.071068E-02 7.071068E-02 0.000000E+00 
-1.060660E-01 1.060660E-01 0.000000E+00 
-1.414214E-01 1.414214E-01 0.000000E+00 
-1.767767E-01 1.767767E-01 0.000000E+00 
-2.121320E-01 2.121320E-01 0.000000E+00 
-2.474874E-01 2.474874E-01 0.000000E+00 
-2.474874E-01 2.474874E-01 -4.500000E-02 
-2.474874E-01 2.474874E-01 -9.000000E-02 
-2.474874E-01 2.474874E-01 -1.350000E-01 
-2.474874E-01 2.474874E-01 -1.800000E-01 
-2.474874E-01 2.474874E-01 -2.250000E-01 
-2.474874E-01 2.474874E-01 -2.700000E-01 
-2.474874E-01 2.474874E-01 -3.150000E-01 
-2.474874E-01 2.474874E-01 -3.600000E-01 
-2.474874E-01 2.474874E-01 -4.050000E-01 
-2.474874E-01 2.474874E-01 -4.500000E-01 
-2.474874E-01 2.474874E-01 -4.950000E-01 
-2.474874E-01 2.474874E-01 -5.400000E-01 
-2.474874E-01 2.474874E-01 -5.850000E-01 
-2.474874E-01 2.474874E-01 -6.300000E-01 
-2.121320E-01 2.121320E-01 -6.300000E-01 
-1.767767E-01 1.767767E-01 -6.300000E-01 
-1.414214E-01 1.414214E-01 -6.300000E-01 
-1.060660E-01 1.060660E-01 -6.300000E-01 
-7.071068E-02 7.071068E-02 -6.300000E-01 
-3.535534E-02 3.535534E-02 -6.300000E-01 
-0.000000E+00 0.000000E+00 -6.300000E-01 
-0.000000E+00 0.000000E+00 0.000000E+00 
-3.966767E-02 3.043807E-02 0.000000E+00 
-7.933533E-02 6.087614E-02 0.000000E+00 
-1.190030E-01 9.131421E-02 0.000000E+00 
-1.586707E-01 1.217523E-01 0.000000E+00 
-1.983383E-01 1.521904E-01 0.000000E+00 
-2.380060E-01 1.826284E-01 0.000000E+00 
-2.776737E-01 2.130665E-01 0.000000E+00 
-2.776737E-01 2.130665E-01 -4.500000E-02 
-2.776737E-01 2.130665E-01 -9.000000E-02 
-2.776737E-01 2.130665E-01 -1.350000E-01 
-2.776737E-01 2.130665E-01 -1.800000E-01 
-2.776737E-01 2.130665E-01 -2.250000E-01 
-2.776737E-01 2.130665E-01 -2.700000E-01 
-2.776737E-01 2.130665E-01 -3.150000E-01 
-2.776737E-01 2.130665E-01 -3.600000E-01 
-2.776737E-01 2.130665E-01 -4.050000E-01 
-2.776737E-01 2.130665E-01 -4.500000E-01 
-2.776737E-01 2.130665E-01 -4.950000E-01 
-2.776737E-01 2.130665E-01 -5.400000E-01 
-2.776737E-01 2.130665E-01 -5.850000E-01 
-2.776737E-01 2.130665E-01 -6.300000E-01 
-2.380060E-01 1.826284E-01 -6.300000E-01 
-1.983383E-01 1.521904E-01 -6.300000E-01 
-1.586707E-01 1.217523E-01 -6.300000E-01 
-1.190030E-01 9.131421E-02 -6.300000E-01 
-7.933533E-02 6.087614E-02 -6.300000E-01 
-3.966767E-02 3.043807E-02 -6.300000E-01 
-0.000000E+00 0.000000E+00 -6.300000E-01 
-0.000000E+00 0.000000E+00 0.000000E+00 
-4.330127E-02 2.500000E-02 0.000000E+00 
-8.660254E-02 5.000000E-02 0.000000E+00 
-1.299038E-01 7.500000E-02 0.000000E+00 
-1.732051E-01 1.000000E-01 0.000000E+00 
-2.165064E-01 1.250000E-01 0.000000E+00 
-2.598076E-01 1.500000E-01 0.000000E+00 
-3.031089E-01 1.750000E-01 0.000000E+00 
-3.031089E-01 1.750000E-01 -4.500000E-02 
-3.031089E-01 1.750000E-01 -9.000000E-02 
-3.031089E-01 1.750000E-01 -1.350000E-01 
-3.031089E-01 1.750000E-01 -1.800000E-01 
-3.031089E-01 1.750000E-01 -2.250000E-01 
-3.031089E-01 1.750000E-01 -2.700000E-01 
-3.031089E-01 1.750000E-01 -3.150000E-01 
-3.031089E-01 1.750000E-01 -3.600000E-01 
-3.031089E-01 1.750000E-01 -4.050000E-01 
-3.031089E-01 1.750000E-01 -4.500000E-01 
-3.031089E-01 1.750000E-01 -4.950000E-01 
-3.031089E-01 1.750000E-01 -5.400000E-01 
-3.031089E-01 1.750000E-01 -5.850000E-01 
-3.031089E-01 1.750000E-01 -6.300000E-01 
-2.598076E-01 1.500000E-01 -6.300000E-01 
-2.165064E-01 1.250000E-01 -6.300000E-01 
-1.732051E-01 1.000000E-01 -6.300000E-01 
-1.299038E-01 7.500000E-02 -6.300000E-01 
-8.660254E-02 5.000000E-02 -6.300000E-01 
-4.330127E-02 2.500000E-02 -6.300000E-01 
-0.000000E+00 0.000000E+00 -6.300000E-01 
-0.000000E+00 0.000000E+00 0.000000E+00 
-4.619398E-02 1.913417E-02 0.000000E+00 
-9.238795E-02 3.826834E-02 0.000000E+00 
-1.385819E-01 5.740251E-02 0.000000E+00 
-1.847759E-01 7.653669E-02 0.000000E+00 
-2.309699E-01 9.567086E-02 0.000000E+00 
-2.771639E-01 1.148050E-01 0.000000E+00 
-3.233578E-01 1.339392E-01 0.000000E+00 
-3.233578E-01 1.339392E-01 -4.500000E-02 
-3.233578E-01 1.339392E-01 -9.000000E-02 
-3.233578E-01 1.339392E-01 -1.350000E-01 
-3.233578E-01 1.339392E-01 -1.800000E-01 
-3.233578E-01 1.339392E-01 -2.250000E-01 
-3.233578E-01 1.339392E-01 -2.700000E-01 
-3.233578E-01 1.339392E-01 -3.150000E-01 
-3.233578E-01 1.339392E-01 -3.600000E-01 
-3.233578E-01 1.339392E-01 -4.050000E-01 
-3.233578E-01 1.339392E-01 -4.500000E-01 
-3.233578E-01 1.339392E-01 -4.950000E-01 
-3.233578E-01 1.339392E-01 -5.400000E-01 
-3.233578E-01 1.339392E-01 -5.850000E-01 
-3.233578E-01 1.339392E-01 -6.300000E-01 
-2.771639E-01 1.148050E-01 -6.300000E-01 
-2.309699E-01 9.567086E-02 -6.300000E-01 
-1.847759E-01 7.653669E-02 -6.300000E-01 
-1.385819E-01 5.740251E-02 -6.300000E-01 
-9.238795E-02 3.826834E-02 -6.300000E-01 
-4.619398E-02 1.913417E-02 -6.300000E-01 
-0.000000E+00 0.000000E+00 -6.300000E-01 
-0.000000E+00 0.000000E+00 0.000000E+00 
-4.829629E-02 1.294095E-02 0.000000E+00 
-9.659258E-02 2.588190E-02 0.000000E+00 
-1.448889E-01 3.882286E-02 0.000000E+00 
-1.931852E-01 5.176381E-02 0.000000E+00 
-2.414815E-01 6.470476E-02 0.000000E+00 
-2.897777E-01 7.764571E-02 0.000000E+00 
-3.380740E-01 9.058667E-02 0.000000E+00 
-3.380740E-01 9.058667E-02 -4.500000E-02 
-3.380740E-01 9.058667E-02 -9.000000E-02 
-3.380740E-01 9.058667E-02 -1.350000E-01 
-3.380740E-01 9.058667E-02 -1.800000E-01 
-3.380740E-01 9.058667E-02 -2.250000E-01 
-3.380740E-01 9.058667E-02 -2.700000E-01 
-3.380740E-01 9.058667E-02 -3.150000E-01 
-3.380740E-01 9.058667E-02 -3.600000E-01 
-3.380740E-01 9.058667E-02 -4.050000E-01 
-3.380740E-01 9.058667E-02 -4.500000E-01 
-3.380740E-01 9.058667E-02 -4.950000E-01 
-3.380740E-01 9.058667E-02 -5.400000E-01 
-3.380740E-01 9.058667E-02 -5.850000E-01 
-3.380740E-01 9.058667E-02 -6.300000E-01 
-2.897777E-01 7.764571E-02 -6.300000E-01 
-2.414815E-01 6.470476E-02 -6.300000E-01 
-1.931852E-01 5.176381E-02 -6.300000E-01 
-1.448889E-01 3.882286E-02 -6.300000E-01 
-9.659258E-02 2.588190E-02 -6.300000E-01 
-4.829629E-02 1.294095E-02 -6.300000E-01 
-0.000000E+00 0.000000E+00 -6.300000E-01 
-0.000000E+00 0.000000E+00 0.000000E+00 
-4.957224E-02 6.526310E-03 0.000000E+00 
-9.914449E-02 1.305262E-02 0.000000E+00 
-1.487167E-01 1.957893E-02 0.000000E+00 
-1.982890E-01 2.610524E-02 0.000000E+00 
-2.478612E-01 3.263155E-02 0.000000E+00 
-2.974335E-01 3.915786E-02 0.000000E+00 
-3.470057E-01 4.568417E-02 0.000000E+00 
-3.470057E-01 4.568417E-02 -4.500000E-02 
-3.470057E-01 4.568417E-02 -9.000000E-02 
-3.470057E-01 4.568417E-02 -1.350000E-01 
-3.470057E-01 4.568417E-02 -1.800000E-01 
-3.470057E-01 4.568417E-02 -2.250000E-01 
-3.470057E-01 4.568417E-02 -2.700000E-01 
-3.470057E-01 4.568417E-02 -3.150000E-01 
-3.470057E-01 4.568417E-02 -3.600000E-01 
-3.470057E-01 4.568417E-02 -4.050000E-01 
-3.470057E-01 4.568417E-02 -4.500000E-01 
-3.470057E-01 4.568417E-02 -4.950000E-01 
-3.470057E-01 4.568417E-02 -5.400000E-01 
-3.470057E-01 4.568417E-02 -5.850000E-01 
-3.470057E-01 4.568417E-02 -6.300000E-01 
-2.974335E-01 3.915786E-02 -6.300000E-01 
-2.478612E-01 3.263155E-02 -6.300000E-01 
-1.982890E-01 2.610524E-02 -6.300000E-01 
-1.487167E-01 1.957893E-02 -6.300000E-01 
-9.914449E-02 1.305262E-02 -6.300000E-01 
-4.957224E-02 6.526310E-03 -6.300000E-01 
-0.000000E+00 0.000000E+00 -6.300000E-01 
-0.000000E+00 0.000000E+00 0.000000E+00 
-5.000000E-02 6.123234E-18 0.000000E+00 
-1.000000E-01 1.224647E-17 0.000000E+00 
-1.500000E-01 1.836970E-17 0.000000E+00 
-2.000000E-01 2.449294E-17 0.000000E+00 
-2.500000E-01 3.061617E-17 0.000000E+00 
-3.000000E-01 3.673940E-17 0.000000E+00 
-3.500000E-01 4.286264E-17 0.000000E+00 
-3.500000E-01 4.286264E-17 -4.500000E-02 
-3.500000E-01 4.286264E-17 -9.000000E-02 
-3.500000E-01 4.286264E-17 -1.350000E-01 
-3.500000E-01 4.286264E-17 -1.800000E-01 
-3.500000E-01 4.286264E-17 -2.250000E-01 
-3.500000E-01 4.286264E-17 -2.700000E-01 
-3.500000E-01 4.286264E-17 -3.150000E-01 
-3.500000E-01 4.286264E-17 -3.600000E-01 
-3.500000E-01 4.286264E-17 -4.050000E-01 
-3.500000E-01 4.286264E-17 -4.500000E-01 
-3.500000E-01 4.286264E-17 -4.950000E-01 
-3.500000E-01 4.286264E-17 -5.400000E-01 
-3.500000E-01 4.286264E-17 -5.850000E-01 
-3.500000E-01 4.286264E-17 -6.300000E-01 
-3.000000E-01 3.673940E-17 -6.300000E-01 
-2.500000E-01 3.061617E-17 -6.300000E-01 
-2.000000E-01 2.449294E-17 -6.300000E-01 
-1.500000E-01 1.836970E-17 -6.300000E-01 
-1.000000E-01 1.224647E-17 -6.300000E-01 
-5.000000E-02 6.123234E-18 -6.300000E-01 
-0.000000E+00 0.000000E+00 -6.300000E-01 
1 2 31 30 
30 31 60 59 
59 60 89 88 
88 89 118 117 
117 118 147 146 
146 147 176 175 
175 176 205 204 
204 205 234 233 
233 234 263 262 
262 263 292 291 
291 292 321 320 
320 321 350 349 
349 350 379 378 
378 379 408 407 
407 408 437 436 
436 437 466 465 
465 466 495 494 
494 495 524 523 
523 524 553 552 
552 553 582 581 
581 582 611 610 
610 611 640 639 
639 640 669 668 
668 669 698 697 
2 3 32 31 
31 32 61 60 
60 61 90 89 
89 90 119 118 
118 119 148 147 
147 148 177 176 
176 177 206 205 
205 206 235 234 
234 235 264 263 
263 264 293 292 
292 293 322 321 
321 322 351 350 
350 351 380 379 
379 380 409 408 
408 409 438 437 
437 438 467 466 
466 467 496 495 
495 496 525 524 
524 525 554 553 
553 554 583 582 
582 583 612 611 
611 612 641 640 
640 641 670 669 
669 670 699 698 
3 4 33 32 
32 33 62 61 
61 62 91 90 
90 91 120 119 
119 120 149 148 
148 149 178 177 
177 178 207 206 
206 207 236 235 
235 236 265 264 
264 265 294 293 
293 294 323 322 
322 323 352 351 
351 352 381 380 
380 381 410 409 
409 410 439 438 
438 439 468 467 
467 468 497 496 
496 497 526 525 
525 526 555 554 
554 555 584 583 
583 584 613 612 
612 613 642 641 
641 642 671 670 
670 671 700 699 
4 5 34 33 
33 34 63 62 
62 63 92 91 
91 92 121 120 
120 121 150 149 
149 150 179 178 
178 179 208 207 
207 208 237 236 
236 237 266 265 
265 266 295 294 
294 295 324 323 
323 324 353 352 
352 353 382 381 
381 382 411 410 
410 411 440 439 
439 440 469 468 
468 469 498 497 
497 498 527 526 
526 527 556 555 
555 556 585 584 
584 585 614 613 
613 614 643 642 
642 643 672 671 
671 672 701 700 
5 6 35 34 
34 35 64 63 
63 64 93 92 
92 93 122 121 
121 122 151 150 
150 151 180 179 
179 180 209 208 
208 209 238 237 
237 238 267 266 
266 267 296 295 
295 296 325 324 
324 325 354 353 
353 354 383 382 
382 383 412 411 
411 412 441 440 
440 441 470 469 
469 470 499 498 
498 499 528 527 
527 528 557 556 
556 557 586 585 
585 586 615 614 
614 615 644 643 
643 644 673 672 
672 673 702 701 
6 7 36 35 
35 36 65 64 
64 65 94 93 
93 94 123 122 
122 123 152 151 
151 152 181 180 
180 181 210 209 
209 210 239 238 
238 239 268 267 
267 268 297 296 
296 297 326 325 
325 326 355 354 
354 355 384 383 
383 384 413 412 
412 413 442 441 
441 442 471 470 
470 471 500 499 
499 500 529 528 
528 529 558 557 
557 558 587 586 
586 587 616 615 
615 616 645 644 
644 645 674 673 
673 674 703 702 
7 8 37 36 
36 37 66 65 
65 66 95 94 
94 95 124 123 
123 124 153 152 
152 153 182 181 
181 182 211 210 
210 211 240 239 
239 240 269 268 
268 269 298 297 
297 298 327 326 
326 327 356 355 
355 356 385 384 
384 385 414 413 
413 414 443 442 
442 443 472 471 
471 472 501 500 
500 501 530 529 
529 530 559 558 
558 559 588 587 
587 588 617 616 
616 617 646 645 
645 646 675 674 
674 675 704 703 
8 9 38 37 
37 38 67 66 
66 67 96 95 
95 96 125 124 
124 125 154 153 
153 154 183 182 
182 183 212 211 
211 212 241 240 
240 241 270 269 
269 270 299 298 
298 299 328 327 
327 328 357 356 
356 357 386 385 
385 386 415 414 
414 415 444 443 
443 444 473 472 
472 473 502 501 
501 502 531 530 
530 531 560 559 
559 560 589 588 
588 589 618 617 
617 618 647 646 
646 647 676 675 
675 676 705 704 
9 10 39 38 
38 39 68 67 
67 68 97 96 
96 97 126 125 
125 126 155 154 
154 155 184 183 
183 184 213 212 
212 213 242 241 
241 242 271 270 
270 271 300 299 
299 300 329 328 
328 329 358 357 
357 358 387 386 
386 387 416 415 
415 416 445 444 
444 445 474 473 
473 474 503 502 
502 503 532 531 
531 532 561 560 
560 561 590 589 
589 590 619 618 
618 619 648 647 
647 648 677 676 
676 677 706 705 
10 11 40 39 
39 40 69 68 
68 69 98 97 
97 98 127 126 
126 127 156 155 
155 156 185 184 
184 185 214 213 
213 214 243 242 
242 243 272 271 
271 272 301 300 
300 301 330 329 
329 330 359 358 
358 359 388 387 
387 388 417 416 
416 417 446 445 
445 446 475 474 
474 475 504 503 
503 504 533 532 
532 533 562 561 
561 562 591 590 
590 591 620 619 
619 620 649 648 
648 649 678 677 
677 678 707 706 
11 12 41 40 
40 41 70 69 
69 70 99 98 
98 99 128 127 
127 128 157 156 
156 157 186 185 
185 186 215 214 
214 215 244 243 
243 244 273 272 
272 273 302 301 
301 302 331 330 
330 331 360 359 
359 360 389 388 
388 389 418 417 
417 418 447 446 
446 447 476 475 
475 476 505 504 
504 505 534 533 
533 534 563 562 
562 563 592 591 
591 592 621 620 
620 621 650 649 
649 650 679 678 
678 679 708 707 
12 13 42 41 
41 42 71 70 
70 71 100 99 
99 100 129 128 
128 129 158 157 
157 158 187 186 
186 187 216 215 
215 216 245 244 
244 245 274 273 
273 274 303 302 
302 303 332 331 
331 332 361 360 
360 361 390 389 
389 390 419 418 
418 419 448 447 
447 448 477 476 
476 477 506 505 
505 506 535 534 
534 535 564 563 
563 564 593 592 
592 593 622 621 
621 622 651 650 
650 651 680 679 
679 680 709 708 
13 14 43 42 
42 43 72 71 
71 72 101 100 
100 101 130 129 
129 130 159 158 
158 159 188 187 
187 188 217 216 
216 217 246 245 
245 246 275 274 
274 275 304 303 
303 304 333 332 
332 333 362 361 
361 362 391 390 
390 391 420 419 
419 420 449 448 
448 449 478 477 
477 478 507 506 
506 507 536 535 
535 536 565 564 
564 565 594 593 
593 594 623 622 
622 623 652 651 
651 652 681 680 
680 681 710 709 
14 15 44 43 
43 44 73 72 
72 73 102 101 
101 102 131 130 
130 131 160 159 
159 160 189 188 
188 189 218 217 
217 218 247 246 
246 247 276 275 
275 276 305 304 
304 305 334 333 
333 334 363 362 
362 363 392 391 
391 392 421 420 
420 421 450 449 
449 450 479 478 
478 479 508 507 
507 508 537 536 
536 537 566 565 
565 566 595 594 
594 595 624 623 
623 624 653 652 
652 653 682 681 
681 682 711 710 
15 16 45 44 
44 45 74 73 
73 74 103 102 
102 103 132 131 
131 132 161 160 
160 161 190 189 
189 190 219 218 
218 219 248 247 
247 248 277 276 
276 277 306 305 
305 306 335 334 
334 335 364 363 
363 364 393 392 
392 393 422 421 
421 422 451 450 
450 451 480 479 
479 480 509 508 
508 509 538 537 
537 538 567 566 
566 567 596 595 
595 596 625 624 
624 625 654 653 
653 654 683 682 
682 683 712 711 
16 17 46 45 
45 46 75 74 
74 75 104 103 
103 104 133 132 
132 133 162 161 
161 162 191 190 
190 191 220 219 
219 220 249 248 
248 249 278 277 
277 278 307 306 
306 307 336 335 
335 336 365 364 
364 365 394 393 
393 394 423 422 
422 423 452 451 
451 452 481 480 
480 481 510 509 
509 510 539 538 
538 539 568 567 
567 568 597 596 
596 597 626 625 
625 626 655 654 
654 655 684 683 
683 684 713 712 
17 18 47 46 
46 47 76 75 
75 76 105 104 
104 105 134 133 
133 134 163 162 
162 163 192 191 
191 192 221 220 
220 221 250 249 
249 250 279 278 
278 279 308 307 
307 308 337 336 
336 337 366 365 
365 366 395 394 
394 395 424 423 
423 424 453 452 
452 453 482 481 
481 482 511 510 
510 511 540 539 
539 540 569 568 
568 569 598 597 
597 598 627 626 
626 627 656 655 
655 656 685 684 
684 685 714 713 
18 19 48 47 
47 48 77 76 
76 77 106 105 
105 106 135 134 
134 135 164 163 
163 164 193 192 
192 193 222 221 
221 222 251 250 
250 251 280 279 
279 280 309 308 
308 309 338 337 
337 338 367 366 
366 367 396 395 
395 396 425 424 
424 425 454 453 
453 454 483 482 
482 483 512 511 
511 512 541 540 
540 541 570 569 
569 570 599 598 
598 599 628 627 
627 628 657 656 
656 657 686 685 
685 686 715 714 
19 20 49 48 
48 49 78 77 
77 78 107 106 
106 107 136 135 
135 136 165 164 
164 165 194 193 
193 194 223 222 
222 223 252 251 
251 252 281 280 
280 281 310 309 
309 310 339 338 
338 339 368 367 
367 368 397 396 
396 397 426 425 
425 426 455 454 
454 455 484 483 
483 484 513 512 
512 513 542 541 
541 542 571 570 
570 571 600 599 
599 600 629 628 
628 629 658 657 
657 658 687 686 
686 687 716 715 
20 21 50 49 
49 50 79 78 
78 79 108 107 
107 108 137 136 
136 137 166 165 
165 166 195 194 
194 195 224 223 
223 224 253 252 
252 253 282 281 
281 282 311 310 
310 311 340 339 
339 340 369 368 
368 369 398 397 
397 398 427 426 
426 427 456 455 
455 456 485 484 
484 485 514 513 
513 514 543 542 
542 543 572 571 
571 572 601 600 
600 601 630 629 
629 630 659 658 
658 659 688 687 
687 688 717 716 
21 22 51 50 
50 51 80 79 
79 80 109 108 
108 109 138 137 
137 138 167 166 
166 167 196 195 
195 196 225 224 
224 225 254 253 
253 254 283 282 
282 283 312 311 
311 312 341 340 
340 341 370 369 
369 370 399 398 
398 399 428 427 
427 428 457 456 
456 457 486 485 
485 486 515 514 
514 515 544 543 
543 544 573 572 
572 573 602 601 
601 602 631 630 
630 631 660 659 
659 660 689 688 
688 689 718 717 
22 23 52 51 
51 52 81 80 
80 81 110 109 
109 110 139 138 
138 139 168 167 
167 168 197 196 
196 197 226 225 
225 226 255 254 
254 255 284 283 
283 284 313 312 
312 313 342 341 
341 342 371 370 
370 371 400 399 
399 400 429 428 
428 429 458 457 
457 458 487 486 
486 487 516 515 
515 516 545 544 
544 545 574 573 
573 574 603 602 
602 603 632 631 
631 632 661 660 
660 661 690 689 
689 690 719 718 
23 24 53 52 
52 53 82 81 
81 82 111 110 
110 111 140 139 
139 140 169 168 
168 169 198 197 
197 198 227 226 
226 227 256 255 
255 256 285 284 
284 285 314 313 
313 314 343 342 
342 343 372 371 
371 372 401 400 
400 401 430 429 
429 430 459 458 
458 459 488 487 
487 488 517 516 
516 517 546 545 
545 546 575 574 
574 575 604 603 
603 604 633 632 
632 633 662 661 
661 662 691 690 
690 691 720 719 
24 25 54 53 
53 54 83 82 
82 83 112 111 
111 112 141 140 
140 141 170 169 
169 170 199 198 
198 199 228 227 
227 228 257 256 
256 257 286 285 
285 286 315 314 
314 315 344 343 
343 344 373 372 
372 373 402 401 
401 402 431 430 
430 431 460 459 
459 460 489 488 
488 489 518 517 
517 518 547 546 
546 547 576 575 
575 576 605 604 
604 605 634 633 
633 634 663 662 
662 663 692 691 
691 692 721 720 
25 26 55 54 
54 55 84 83 
83 84 113 112 
112 113 142 141 
141 142 171 170 
170 171 200 199 
199 200 229 228 
228 229 258 257 
257 258 287 286 
286 287 316 315 
315 316 345 344 
344 345 374 373 
373 374 403 402 
402 403 432 431 
431 432 461 460 
460 461 490 489 
489 490 519 518 
518 519 548 547 
547 548 577 576 
576 577 606 605 
605 606 635 634 
634 635 664 663 
663 664 693 692 
692 693 722 721 
26 27 56 55 
55 56 85 84 
84 85 114 113 
113 114 143 142 
142 143 172 171 
171 172 201 200 
200 201 230 229 
229 230 259 258 
258 259 288 287 
287 288 317 316 
316 317 346 345 
345 346 375 374 
374 375 404 403 
403 404 433 432 
432 433 462 461 
461 462 491 490 
490 491 520 519 
519 520 549 548 
548 549 578 577 
577 578 607 606 
606 607 636 635 
635 636 665 664 
664 665 694 693 
693 694 723 722 
27 28 57 56 
56 57 86 85 
85 86 115 114 
114 115 144 143 
143 144 173 172 
172 173 202 201 
201 202 231 230 
230 231 260 259 
259 260 289 288 
288 289 318 317 
317 318 347 346 
346 347 376 375 
375 376 405 404 
404 405 434 433 
433 434 463 462 
462 463 492 491 
491 492 521 520 
520 521 550 549 
549 550 579 578 
578 579 608 607 
607 608 637 636 
636 637 666 665 
665 666 695 694 
694 695 724 723 
28 29 58 57 
57 58 87 86 
86 87 116 115 
115 116 145 144 
144 145 174 173 
173 174 203 202 
202 203 232 231 
231 232 261 260 
260 261 290 289 
289 290 319 318 
318 319 348 347 
347 348 377 376 
376 377 406 405 
405 406 435 434 
434 435 464 463 
463 464 493 492 
492 493 522 521 
521 522 551 550 
550 551 580 579 
579 580 609 608 
608 609 638 637 
637 638 667 666 
666 667 696 695 
695 696 725 724 
