VARIABLES="Frequency (rad/s)" "|Fx| (N/m)" "|Fy| (N/m)" "|Fz| (N/m)" "|Cx| (N)" "|Cy| (N)" "|Cz| (N)" "ang(Fx) (°)" "ang(Fy) (°)" "ang(Fz) (°)" "ang(Cx) (°)" "ang(Cy) (°)" "ang(Cz) (°)"
Zone t="Corps  1"
Zone t="Excitation force - beta =   0.000 deg",I=   420,F=POINT
 0.0200  0.349720E+04  0.804116E+00  0.769750E+06  0.100553E+01  0.699243E+04  0.778188E-08  -90.00  180.00   -0.00    0.00  -90.00  163.19
 0.0400  0.700048E+04  0.847855E+00  0.769156E+06  0.979412E-01  0.139970E+05  0.186968E-07  -90.00  180.00   -0.00   -0.02  -90.00 -174.91
 0.0600  0.105138E+05  0.467520E+00  0.768165E+06  0.425580E+00  0.210218E+05  0.410144E-07  -90.00 -180.00   -0.01   -0.02  -90.00  176.84
 0.0800  0.140445E+05  0.820952E+00  0.766803E+06  0.133960E+01  0.280811E+05  0.149087E-07  -90.00   -0.00   -0.02   -0.01  -90.00    3.08
 0.1000  0.175978E+05  0.332552E+00  0.765066E+06  0.119686E+01  0.351858E+05  0.776008E-08  -90.00   -0.01   -0.02    0.02  -90.00  -17.28
 0.1200  0.211799E+05  0.109760E+00  0.762957E+06  0.119938E+01  0.423479E+05  0.216469E-07  -90.00    0.02   -0.03 -179.99  -90.00  150.14
 0.1400  0.247966E+05  0.264915E+00  0.760481E+06  0.966479E-01  0.495792E+05  0.149591E-07  -90.00  179.96   -0.05 -179.40  -90.00  176.66
 0.1600  0.284547E+05  0.695164E+00  0.757631E+06  0.305646E+00  0.568933E+05  0.498520E-08  -90.00 -179.98   -0.06 -179.99  -90.00 -139.66
 0.1800  0.321611E+05  0.204807E+00  0.754416E+06  0.376908E+00  0.643041E+05  0.882829E-08  -90.00  179.85   -0.08    0.17  -90.00  -32.44
 0.2000  0.359225E+05  0.459310E+00  0.750832E+06  0.101558E+01  0.718248E+05  0.633977E-07  -89.99 -179.97   -0.10    0.00  -89.99   34.72
 0.2200  0.397474E+05  0.762567E-02  0.746887E+06  0.796210E+00  0.794722E+05  0.399743E-08  -89.99   -0.95   -0.13   -0.13  -89.99  -88.16
 0.2400  0.436431E+05  0.140329E+00  0.742562E+06  0.742577E+00  0.872615E+05  0.489296E-07  -89.99    0.26   -0.16  179.90  -89.99 -169.22
 0.2600  0.476186E+05  0.739070E+00  0.737884E+06  0.724646E+00  0.952101E+05  0.154153E-07  -89.99   -0.05   -0.19   -0.12  -89.99  164.73
 0.2800  0.516836E+05  0.243882E+00  0.732835E+06  0.171708E+01  0.103338E+06  0.205173E-07  -89.99   -0.32   -0.23  179.98  -89.99 -103.06
 0.3000  0.558462E+05  0.234657E+00  0.727419E+06  0.115883E+01  0.111661E+06  0.806079E-08  -89.98    0.06   -0.27    0.12  -89.98   88.01
 0.3200  0.601197E+05  0.143932E+00  0.721644E+06  0.787011E+00  0.120206E+06  0.192563E-07  -89.98 -178.66   -0.32   -0.01  -89.98   13.79
 0.3400  0.645147E+05  0.442880E+00  0.715511E+06  0.156799E+00  0.128993E+06  0.197719E-07  -89.98  179.90   -0.37   -0.92  -89.98  -26.10
 0.3600  0.690420E+05  0.181524E+00  0.709014E+06  0.317560E-01  0.138045E+06  0.364955E-07  -89.97    0.58   -0.44    2.75  -89.97  163.74
 0.3800  0.737148E+05  0.238815E+00  0.702163E+06  0.637288E+00  0.147388E+06  0.234798E-07  -89.97 -179.56   -0.51    0.45  -89.97   81.74
 0.4000  0.785479E+05  0.606033E+00  0.694965E+06  0.139542E+00  0.157051E+06  0.279073E-07  -89.96 -179.71   -0.59   -3.39  -89.96 -107.68
 0.4200  0.835541E+05  0.360588E+00  0.687421E+06  0.186113E+00  0.167060E+06  0.307584E-07  -89.95    0.28   -0.68 -179.77  -89.95   24.26
 0.4400  0.887481E+05  0.185880E+00  0.679552E+06  0.892564E+00  0.177445E+06  0.540092E-07  -89.94   -1.11   -0.79   -0.01  -89.94  -72.05
 0.4600  0.941457E+05  0.553002E-01  0.671342E+06  0.715840E+00  0.188237E+06  0.136520E-07  -89.93  176.45   -0.91 -179.63  -89.93 -114.96
 0.4800  0.997619E+05  0.578824E-01  0.662834E+06  0.879195E+00  0.199467E+06  0.593713E-07  -89.92   -2.74   -1.04  179.93  -89.92 -119.51
 0.5000  0.105610E+06  0.400242E+00  0.654047E+06  0.293435E+00  0.211159E+06  0.329784E-07  -89.90    0.67   -1.19   -1.91  -89.90   98.73
 0.5200  0.111704E+06  0.174815E+00  0.644970E+06  0.480499E-01  0.223344E+06  0.999849E-07  -89.88  179.41   -1.36    8.06  -89.88   82.34
 0.5400  0.118058E+06  0.274025E+00  0.635674E+06  0.600077E-01  0.236049E+06  0.252173E-07  -89.86  178.61   -1.55 -176.14  -89.86 -133.53
 0.5600  0.124683E+06  0.229003E-01  0.626140E+06  0.636902E+00  0.249294E+06  0.319741E-07  -89.83 -148.85   -1.77    0.57  -89.83  -74.11
 0.5800  0.131584E+06  0.533921E-01  0.616404E+06  0.593422E+00  0.263092E+06  0.121781E-06  -89.80  173.66   -2.01 -179.19  -89.80 -108.21
 0.6000  0.138768E+06  0.141694E+00  0.606527E+06  0.947246E+00  0.277455E+06  0.202035E-07  -89.77   -0.03   -2.27   -1.23  -89.77  139.11
 0.6200  0.146237E+06  0.213354E-01  0.596479E+06  0.487635E+00  0.292390E+06  0.889968E-07  -89.72  -30.62   -2.56   -4.90  -89.72   95.18
 0.6400  0.153990E+06  0.177756E+00  0.586341E+06  0.271859E+00  0.307891E+06  0.141063E-07  -89.67    3.46   -2.88   -3.83  -89.67  -98.50
 0.6600  0.162017E+06  0.600804E-01  0.576159E+06  0.612176E+00  0.323940E+06  0.198110E-07  -89.61   11.15   -3.22   -1.89  -89.61  100.73
 0.6800  0.170310E+06  0.719439E-01  0.565932E+06  0.964622E-01  0.340520E+06  0.580055E-07  -89.55    5.35   -3.60  163.46  -89.55  -93.30
 0.7000  0.178855E+06  0.407696E+00  0.555672E+06  0.761959E+00  0.357606E+06  0.548739E-07  -89.47    2.45   -3.99  177.36  -89.47   88.49
 0.7200  0.187637E+06  0.157028E+00  0.545389E+06  0.728518E+00  0.375163E+06  0.188459E-07  -89.39   -1.74   -4.42   -4.66  -89.39   86.60
 0.7400  0.196632E+06  0.251216E+00  0.535152E+06  0.811138E-01  0.393148E+06  0.521963E-07  -89.29    1.03   -4.88   51.30  -89.29   44.90
 0.7600  0.205819E+06  0.733861E+00  0.524920E+06  0.554494E+00  0.411516E+06  0.347983E-07  -89.18  178.14   -5.36   17.23  -89.18 -107.47
 0.7800  0.215175E+06  0.654692E-02  0.514707E+06  0.845693E+00  0.430223E+06  0.128482E-06  -89.06   -4.10   -5.86 -179.30  -89.06   87.10
 0.8000  0.224677E+06  0.181798E+00  0.504582E+06  0.102800E+01  0.449221E+06  0.206147E-06  -88.93  162.53   -6.39   -2.79  -88.93   83.67
 0.8200  0.234296E+06  0.618701E-01  0.494489E+06  0.995003E+00  0.468453E+06  0.841921E-07  -88.78  158.54   -6.95 -177.39  -88.78  -76.12
 0.8400  0.244003E+06  0.259561E+00  0.484473E+06  0.189980E+01  0.487862E+06  0.513098E-07  -88.62  172.72   -7.53   -0.60  -88.62   71.74
 0.8600  0.253774E+06  0.589706E+00  0.474500E+06  0.634709E+00  0.507396E+06  0.257277E-06  -88.44 -174.83   -8.14   -2.08  -88.44   85.25
 0.8800  0.263578E+06  0.176611E+00  0.464625E+06  0.186943E+01  0.527000E+06  0.437597E-07  -88.26  177.38   -8.77   -0.48  -88.26  107.39
 0.9000  0.273389E+06  0.147776E+00  0.454815E+06  0.400167E+00  0.546615E+06  0.195873E-06  -88.05    8.15   -9.43   -5.09  -88.05  -91.91
 0.9200  0.283173E+06  0.508756E+00  0.445166E+06  0.219299E+00  0.566178E+06  0.837794E-07  -87.83    2.80  -10.12   32.31  -87.83  -85.50
 0.9400  0.292897E+06  0.193163E+00  0.435556E+06  0.597950E+00  0.585619E+06  0.104123E-06  -87.60    0.71  -10.83  177.39  -87.60 -100.07
 0.9600  0.302531E+06  0.337492E+00  0.426009E+06  0.528324E+00  0.604881E+06  0.415537E-07  -87.35   -1.26  -11.56   11.06  -87.35  -69.97
 0.9800  0.312041E+06  0.502900E+00  0.416591E+06  0.202522E+00  0.623895E+06  0.748199E-07  -87.09    2.99  -12.32    1.45  -87.09  -81.52
 1.0000  0.321391E+06  0.661249E+00  0.407254E+06  0.501085E+00  0.642590E+06  0.248716E-06  -86.82    3.69  -13.11 -173.94  -86.82  -88.82
 1.0200  0.330545E+06  0.202404E+00  0.398083E+06  0.959442E+00  0.660891E+06  0.837647E-07  -86.53   -2.39  -13.93    1.51  -86.53  109.27
 1.0400  0.339471E+06  0.460461E+00  0.389091E+06  0.788321E+00  0.678739E+06  0.140087E-06  -86.23    4.38  -14.77 -178.34  -86.23  -84.98
 1.0600  0.348107E+06  0.351869E+00  0.380146E+06  0.614619E-01  0.696004E+06  0.272993E-07  -85.93 -177.55  -15.64   83.65  -85.93   79.92
 1.0800  0.356442E+06  0.169597E+00  0.371329E+06  0.921789E-01  0.712669E+06  0.502737E-07  -85.61  156.61  -16.53   -0.69  -85.61 -102.60
 1.1000  0.364426E+06  0.833799E+00  0.362668E+06  0.314680E+00  0.728632E+06  0.918966E-07  -85.29  177.39  -17.45  154.23  -85.29  -99.21
 1.1200  0.372035E+06  0.111779E+00  0.354022E+06  0.253817E+00  0.743844E+06  0.101108E-06  -84.96  -13.34  -18.40  160.62  -84.96  -86.16
 1.1400  0.379216E+06  0.182707E+00  0.345592E+06  0.534156E+00  0.758202E+06  0.262956E-06  -84.63  175.61  -19.38  169.34  -84.63   92.49
 1.1600  0.385947E+06  0.138926E+00  0.337323E+06  0.923719E+00  0.771659E+06  0.344519E-07  -84.30  171.14  -20.38  171.08  -84.30  108.31
 1.1800  0.392176E+06  0.445794E+00  0.329244E+06  0.641759E+00  0.784112E+06  0.169189E-06  -83.98   10.11  -21.41 -167.35  -83.98   70.84
 1.2000  0.397902E+06  0.122945E+01  0.321198E+06  0.403400E+00  0.795561E+06  0.200581E-06  -83.66 -178.79  -22.47    4.27  -83.66  -75.81
 1.2200  0.403074E+06  0.577808E+00  0.313328E+06  0.868676E+00  0.805904E+06  0.464060E-06  -83.35  179.28  -23.55 -165.30  -83.35  -90.05
 1.2400  0.407674E+06  0.110045E+00  0.305581E+06  0.892129E+00  0.815098E+06  0.588984E-07  -83.06    0.56  -24.66   -8.76  -83.06  120.38
 1.2600  0.411682E+06  0.305517E+00  0.298023E+06  0.684768E+00  0.823112E+06  0.186869E-06  -82.78 -169.66  -25.80 -174.30  -82.78   70.24
 1.2800  0.415115E+06  0.237224E+00  0.290604E+06  0.129806E+00  0.829975E+06  0.367570E-06  -82.52   15.87  -26.96   16.32  -82.52   77.37
 1.3000  0.417953E+06  0.128626E+00  0.283352E+06  0.482112E+00  0.835648E+06  0.787579E-07  -82.29  -56.88  -28.15   37.48  -82.29  -62.19
 1.3200  0.420152E+06  0.345904E+00  0.276195E+06  0.728089E+00  0.840044E+06  0.277036E-06  -82.09   15.45  -29.37  169.19  -82.09  -84.16
 1.3400  0.421754E+06  0.395450E+00  0.269133E+06  0.145413E+00  0.843248E+06  0.394727E-07  -81.92 -166.13  -30.62  -13.02  -81.92 -109.39
 1.3600  0.422759E+06  0.382236E+00  0.262260E+06  0.146654E+00  0.845257E+06  0.173585E-06  -81.78  177.07  -31.89  -44.09  -81.78  -92.82
 1.3800  0.423195E+06  0.515398E+00  0.255545E+06  0.102899E+01  0.846129E+06  0.380957E-06  -81.68   -2.96  -33.19   10.94  -81.68  -92.00
 1.4000  0.423039E+06  0.240854E-01  0.249001E+06  0.165245E+00  0.845817E+06  0.649006E-07  -81.62  -86.15  -34.52  102.62  -81.62  -20.67
 1.4200  0.422338E+06  0.242380E+00  0.242479E+06  0.129114E+00  0.844415E+06  0.421578E-06  -81.61   31.76  -35.87  125.72  -81.61  -90.98
 1.4400  0.421111E+06  0.624817E+00  0.236224E+06  0.419206E+00  0.841962E+06  0.161052E-06  -81.64 -176.32  -37.25   -8.96  -81.64  -97.52
 1.4600  0.419380E+06  0.263768E+00  0.230039E+06  0.381265E+00  0.838498E+06  0.211808E-06  -81.73    6.22  -38.66   -3.60  -81.73  -88.24
 1.4800  0.417178E+06  0.802717E-01  0.224044E+06  0.249356E+00  0.834097E+06  0.403820E-06  -81.87 -147.11  -40.10 -112.09  -81.87  -94.54
 1.5000  0.414544E+06  0.147496E+00  0.218126E+06  0.104635E+00  0.828829E+06  0.274610E-06  -82.05   -8.48  -41.56 -104.39  -82.05   94.38
 1.5200  0.411494E+06  0.138593E+00  0.212364E+06  0.975024E+00  0.822733E+06  0.541708E-07  -82.30 -150.47  -43.05 -179.14  -82.30 -130.12
 1.5400  0.408071E+06  0.101680E+00  0.206750E+06  0.103230E+01  0.815888E+06  0.123386E-06  -82.60 -176.98  -44.57  159.98  -82.60   80.64
 1.5600  0.404306E+06  0.323517E+00  0.201283E+06  0.368833E+00  0.808360E+06  0.695056E-07  -82.96 -161.28  -46.12 -177.87  -82.96 -139.21
 1.5800  0.400230E+06  0.209170E+00  0.195809E+06  0.388087E+00  0.800209E+06  0.134144E-06  -83.38 -157.86  -47.69  -13.23  -83.38  -80.89
 1.6000  0.395876E+06  0.861844E-01  0.190651E+06  0.443514E+00  0.791504E+06  0.104817E-06  -83.86  165.54  -49.29 -160.80  -83.86 -107.05
 1.6200  0.391272E+06  0.123694E+00  0.185516E+06  0.268305E+00  0.782298E+06  0.590539E-07  -84.40  -81.35  -50.92  -29.97  -84.40 -123.39
 1.6400  0.386460E+06  0.393423E-01  0.180521E+06  0.463075E+00  0.772677E+06  0.282108E-06  -85.00  134.99  -52.57   -7.95  -85.00  -90.82
 1.6600  0.381457E+06  0.287191E+00  0.175661E+06  0.540009E+00  0.762676E+06  0.992588E-07  -85.66 -160.13  -54.25  -10.98  -85.66  -97.69
 1.6800  0.376292E+06  0.226890E+00  0.170811E+06  0.247266E+00  0.752348E+06  0.697994E-07  -86.37 -173.63  -55.97 -163.96  -86.37 -100.55
 1.7000  0.370994E+06  0.259208E+00  0.166155E+06  0.129141E+00  0.741753E+06  0.141935E-07  -87.15   18.68  -57.70  -59.01  -87.15 -142.87
 1.7200  0.365582E+06  0.307277E+00  0.161707E+06  0.103400E+01  0.730934E+06  0.180308E-07  -87.99  -10.91  -59.47  179.24  -87.99  -89.64
 1.7400  0.360083E+06  0.434546E+00  0.157226E+06  0.617979E+00  0.719937E+06  0.309152E-07  -88.89 -171.37  -61.27  160.69  -88.89   70.55
 1.7600  0.354514E+06  0.208440E+00  0.152912E+06  0.394264E+00  0.708804E+06  0.877097E-07  -89.84  169.40  -63.09 -166.80  -89.84  -87.39
 1.7800  0.348896E+06  0.243795E+00  0.148760E+06  0.444338E+00  0.697571E+06  0.145414E-06  -90.85  -17.57  -64.94   17.34  -90.85   92.02
 1.8000  0.343245E+06  0.269493E+00  0.144572E+06  0.288203E+00  0.686272E+06  0.447429E-07  -91.92 -163.03  -66.82   -3.18  -91.92 -111.17
 1.8200  0.337577E+06  0.229207E+00  0.140540E+06  0.185542E+00  0.674941E+06  0.189068E-07  -93.05 -178.35  -68.73   11.63  -93.05  -47.14
 1.8400  0.331905E+06  0.568312E-01  0.136704E+06  0.194477E-01  0.663601E+06  0.131693E-07  -94.23  158.15  -70.67  -36.04  -94.23  -54.56
 1.8600  0.326243E+06  0.147412E+00  0.132838E+06  0.160796E+00  0.652280E+06  0.948467E-07  -95.47   54.82  -72.65 -172.42  -95.47  -94.96
 1.8800  0.320602E+06  0.475057E+00  0.129115E+06  0.322037E+00  0.641000E+06  0.287708E-06  -96.75    1.03  -74.64   24.75  -96.75   90.30
 1.9000  0.314987E+06  0.976619E-01  0.125573E+06  0.534725E+00  0.629775E+06  0.125187E-06  -98.09 -144.57  -76.67 -172.87  -98.09   81.10
 1.9200  0.309413E+06  0.132791E+00  0.122037E+06  0.626004E+00  0.618630E+06  0.533248E-07  -99.49 -164.82  -78.74    6.23  -99.49 -117.82
 1.9400  0.303882E+06  0.164220E+00  0.118506E+06  0.378273E+00  0.607572E+06  0.131000E-06 -100.93    9.76  -80.83  -25.73 -100.93  -80.13
 1.9600  0.298408E+06  0.121312E+00  0.115113E+06  0.243835E+00  0.596627E+06  0.139945E-06 -102.42   21.10  -82.95  119.69 -102.42  -93.65
 1.9800  0.292995E+06  0.559673E-01  0.111801E+06  0.102985E+00  0.585804E+06  0.160622E-06 -103.96  -14.11  -85.12  -15.59 -103.97 -116.21
 2.0000  0.287635E+06  0.120140E+00  0.108614E+06  0.285020E-01  0.575087E+06  0.268352E-06 -105.56  -37.09  -87.33   69.71 -105.56  -88.21
 2.0200  0.282351E+06  0.113524E+00  0.105427E+06  0.416293E+00  0.564522E+06  0.104260E-06 -107.19  -39.40  -89.58  -12.48 -107.19    1.28
 2.0400  0.277139E+06  0.220167E+00  0.102291E+06  0.334614E+00  0.554102E+06  0.154958E-06 -108.88    4.67  -91.87 -162.61 -108.88   93.58
 2.0600  0.272001E+06  0.292930E-01  0.991917E+05  0.154173E+00  0.543831E+06  0.637763E-07 -110.61   18.91  -94.20  -59.01 -110.61   69.16
 2.0800  0.266942E+06  0.183467E+00  0.961129E+05  0.233738E+00  0.533714E+06  0.217865E-06 -112.38  -16.42  -96.60 -164.67 -112.38   49.60
 2.1000  0.261961E+06  0.528254E-01  0.930261E+05  0.644661E-01  0.523756E+06  0.101457E-06 -114.20   54.81  -99.08 -150.10 -114.20  -85.16
 2.1200  0.257061E+06  0.400643E-01  0.898901E+05  0.180663E+00  0.513959E+06  0.715099E-07 -116.07  138.82 -101.65  171.03 -116.07 -143.80
 2.1400  0.252242E+06  0.684943E-01  0.866295E+05  0.175939E+00  0.504326E+06  0.171966E-06 -117.97 -118.47 -104.35  136.73 -117.97  -70.45
 2.1600  0.247507E+06  0.522085E-01  0.830961E+05  0.172263E+00  0.494857E+06  0.200557E-06 -119.92   47.50 -107.28    3.56 -119.92  -95.76
 2.1800  0.242853E+06  0.119221E+00  0.789541E+05  0.128730E+00  0.485554E+06  0.984867E-07 -121.91  163.02 -110.60  -19.41 -121.91  103.31
 2.2000  0.238283E+06  0.954615E-01  0.732352E+05  0.203093E-01  0.476416E+06  0.113966E-06 -123.94   11.90 -114.85  145.32 -123.94 -156.24
 2.2200  0.233796E+06  0.680426E-01  0.615044E+05  0.187913E-01  0.467448E+06  0.216171E-06 -126.01   15.34 -122.26  -94.18 -126.01 -156.66
 2.2400  0.229392E+06  0.261519E-01  0.362302E+05  0.124840E+00  0.458641E+06  0.150416E-06 -128.12  170.59    9.26 -179.91 -128.12 -170.82
 2.2600  0.225069E+06  0.564886E-01  0.988134E+05  0.784506E-01  0.449999E+06  0.145340E-06 -130.27  -10.81 -101.72  -58.71 -130.27  -58.80
 2.2800  0.220829E+06  0.442303E-02  0.858054E+05  0.110600E+00  0.441520E+06  0.148594E-06 -132.46 -134.30 -111.97    0.67 -132.46   57.59
 2.3000  0.216667E+06  0.118658E+00  0.800724E+05  0.160347E+00  0.433202E+06  0.128736E-06 -134.69  -59.89 -116.86  176.32 -134.69   31.55
 2.3200  0.212586E+06  0.120394E-01  0.762475E+05  0.166810E+00  0.425043E+06  0.166142E-06 -136.96   82.25 -120.56  177.10 -136.96  164.61
 2.3400  0.208583E+06  0.749760E-01  0.732168E+05  0.119376E+00  0.417041E+06  0.304682E-06 -139.26  150.72 -123.80   53.23 -139.26  -86.37
 2.3600  0.204657E+06  0.342598E-01  0.706098E+05  0.130584E-01  0.409191E+06  0.146828E-06 -141.60  -39.92 -126.84  126.92 -141.60 -105.42
 2.3800  0.200807E+06  0.573009E-01  0.682642E+05  0.222078E+00  0.401493E+06  0.288482E-07 -143.98  -85.62 -129.78 -127.78 -143.98 -166.99
 2.4000  0.197030E+06  0.355488E-01  0.661002E+05  0.599494E-01  0.393943E+06  0.160740E-06 -146.40   73.91 -132.67  -81.10 -146.40    4.75
 2.4200  0.193325E+06  0.445811E-01  0.640734E+05  0.844210E-01  0.386536E+06  0.296243E-07 -148.86    7.49 -135.52 -143.83 -148.86  130.17
 2.4400  0.189689E+06  0.138996E-01  0.621560E+05  0.785996E-01  0.379266E+06  0.110076E-06 -151.35 -134.49 -138.37  -81.85 -151.35   -3.28
 2.4600  0.186120E+06  0.118869E-01  0.603296E+05  0.128658E+00  0.372133E+06  0.103071E-06 -153.88 -123.36 -141.21  112.73 -153.88  170.03
 2.4800  0.182618E+06  0.692347E-01  0.585821E+05  0.589810E-01  0.365130E+06  0.109146E-06 -156.45  -82.50 -144.06  -64.34 -156.45  -56.62
 2.5000  0.179178E+06  0.305816E-01  0.569044E+05  0.762943E-01  0.358252E+06  0.311164E-06 -159.06 -123.83 -146.92  -97.04 -159.06   19.47
 2.5200  0.175794E+06  0.145142E-01  0.552902E+05  0.566110E-01  0.351489E+06  0.122465E-06 -161.71 -123.52 -149.80  -23.24 -161.71  -22.60
 2.5400  0.172464E+06  0.453533E-01  0.537340E+05  0.187198E-01  0.344830E+06  0.694921E-07 -164.40 -103.65 -152.69 -112.30 -164.40   43.35
 2.5600  0.169181E+06  0.108577E-01  0.522315E+05  0.982245E-01  0.338267E+06  0.146684E-06 -167.13  -70.78 -155.60   90.40 -167.14   22.94
 2.5800  0.165939E+06  0.362245E-01  0.507793E+05  0.352255E-02  0.331786E+06  0.316514E-06 -169.92  -61.70 -158.53  -67.16 -169.92    2.96
 2.6000  0.162728E+06  0.383695E-01  0.493742E+05  0.341680E-01  0.325366E+06  0.256080E-07 -172.75  -90.03 -161.48  -42.68 -172.76   -4.80
 2.6200  0.159535E+06  0.308962E-01  0.480141E+05  0.648778E-01  0.318981E+06  0.286900E-07 -175.65 -170.71 -164.45   69.34 -175.66   35.43
 2.6400  0.156332E+06  0.277944E-01  0.466968E+05  0.916225E-01  0.312579E+06  0.111716E-06 -178.63   56.80 -167.45  161.92 -178.63  151.08
 2.6600  0.153086E+06  0.200625E-01  0.454204E+05  0.264105E-01  0.306089E+06  0.130136E-06  178.30  156.82 -170.46   60.17  178.30    9.88
 2.6800  0.149730E+06  0.294699E-01  0.441831E+05  0.134480E-01  0.299379E+06  0.145332E-06  175.09  -40.36 -173.51    6.53  175.09  -14.99
 2.7000  0.146113E+06  0.211586E-01  0.429834E+05  0.719049E-01  0.292147E+06  0.990018E-07  171.65   43.53 -176.57   23.26  171.65 -149.72
 2.7200  0.141876E+06  0.139882E-01  0.418199E+05  0.614762E-01  0.283676E+06  0.754617E-07  167.77 -105.85 -179.66  -67.69  167.77 -175.02
 2.7400  0.135790E+06  0.261833E-02  0.406911E+05  0.324419E-01  0.271508E+06  0.552074E-07  162.76   -0.26  177.22   81.14  162.76  121.02
 2.7600  0.119459E+06  0.254590E-01  0.395958E+05  0.595072E-01  0.238858E+06  0.704194E-07  152.36 -124.57  174.08  -65.96  152.36 -167.78
 2.7800  0.162371E+06  0.250961E-01  0.385325E+05  0.146554E-01  0.324644E+06  0.952876E-07 -161.65   12.20  170.92 -164.84 -161.65  159.62
 2.8000  0.147811E+06  0.345253E-01  0.375006E+05  0.634133E-01  0.295540E+06  0.300436E-07  167.64 -127.34  167.73    2.29  167.64   58.82
 2.8200  0.141152E+06  0.637367E-01  0.364985E+05  0.425373E-01  0.282227E+06  0.732389E-07  161.01 -166.12  164.52   10.97  161.01   36.07
 2.8400  0.136998E+06  0.636299E-01  0.355252E+05  0.518899E-01  0.273923E+06  0.148571E-06  156.55  177.18  161.28 -155.80  156.55    9.86
 2.8600  0.133704E+06  0.135210E-01  0.345796E+05  0.169213E-01  0.267335E+06  0.531837E-07  152.71   70.54  158.01   52.28  152.71   42.80
 2.8800  0.130820E+06  0.304312E-01  0.336608E+05  0.259801E-01  0.261569E+06  0.980140E-07  149.12  167.96  154.72  -99.02  149.12  -65.60
 2.9000  0.128174E+06  0.246975E-02  0.327678E+05  0.295652E-01  0.256280E+06  0.638551E-07  145.65 -114.50  151.41  177.97  145.65 -140.30
 2.9200  0.125688E+06  0.141027E-01  0.318997E+05  0.147934E-01  0.251308E+06  0.380171E-07  142.24    6.63  148.07    8.35  142.24 -106.20
 2.9400  0.123319E+06  0.417785E-02  0.310554E+05  0.358519E-01  0.246573E+06  0.166161E-06  138.85  -67.14  144.70    7.11  138.85  -84.52
 2.9600  0.121046E+06  0.972803E-03  0.302339E+05  0.223629E-02  0.242028E+06  0.163571E-06  135.47  -20.58  141.30  166.06  135.47   93.19
 2.9800  0.118851E+06  0.812952E-02  0.294338E+05  0.799151E-01  0.237638E+06  0.100717E-06  132.09   -5.13  137.88 -179.23  132.09   92.96
 3.0000  0.116722E+06  0.379081E-02  0.286546E+05  0.108356E+00  0.233381E+06  0.352769E-07  128.70 -142.49  134.44 -178.92  128.70  -52.37
 3.0200  0.114653E+06  0.245212E-01  0.278947E+05  0.290477E-01  0.229246E+06  0.405047E-07  125.30 -177.97  130.96  -15.36  125.30  -71.90
 3.0400  0.112640E+06  0.547556E-02  0.271525E+05  0.160595E-01  0.225221E+06  0.116330E-06  121.88  -21.64  127.46  -67.42  121.88  -65.26
 3.0600  0.110678E+06  0.214746E-01  0.264266E+05  0.109749E-01  0.221298E+06  0.366490E-07  118.44 -178.50  123.93    0.97  118.44   60.47
 3.0800  0.108763E+06  0.718362E-01  0.257154E+05  0.289203E-01  0.217470E+06  0.497705E-07  114.98    4.85  120.37   61.17  114.98   89.72
 3.1000  0.106893E+06  0.197835E-01  0.250164E+05  0.316766E-01  0.213731E+06  0.117156E-06  111.50   23.91  116.78  -24.82  111.50  -54.02
 3.1200  0.105066E+06  0.129205E-01  0.243276E+05  0.772974E-01  0.210077E+06  0.573307E-07  108.00  157.33  113.16  159.65  108.00  -11.70
 3.1400  0.103279E+06  0.178596E-01  0.236453E+05  0.804647E-01  0.206504E+06  0.258169E-07  104.48 -104.67  109.50  179.19  104.48  173.45
 3.1600  0.101531E+06  0.164160E-01  0.229646E+05  0.524356E-01  0.203010E+06  0.374580E-07  100.93 -142.31  105.79   -1.64  100.93  -15.16
 3.1800  0.998213E+05  0.204992E-01  0.222761E+05  0.241281E-01  0.199591E+06  0.138141E-07   97.35  -36.81  102.03   87.12   97.35 -127.99
 3.2000  0.981477E+05  0.172980E-01  0.215670E+05  0.310201E-01  0.196246E+06  0.311235E-07   93.76    3.00   98.20   10.08   93.75  -78.96
 3.2200  0.965091E+05  0.160109E-01  0.208114E+05  0.407695E-01  0.192969E+06  0.398282E-07   90.13   21.62   94.27 -162.84   90.13  131.26
 3.2400  0.949040E+05  0.156003E-01  0.199522E+05  0.500736E-02  0.189760E+06  0.960889E-07   86.49  163.45   90.16   91.08   86.48  153.04
 3.2600  0.933318E+05  0.637578E-02  0.188490E+05  0.228928E-01  0.186617E+06  0.124904E-06   82.81  154.47   85.70   32.35   82.81  175.28
 3.2800  0.917911E+05  0.616096E-02  0.169460E+05  0.335088E-01  0.183537E+06  0.312968E-07   79.11  122.98   80.20  -49.61   79.11  156.43
 3.3000  0.902814E+05  0.994145E-02  0.856833E+04  0.177106E-01  0.180519E+06  0.871718E-07   75.39    7.27   67.00 -139.43   75.39 -157.38
 3.3200  0.888012E+05  0.129447E-02  0.271265E+05  0.571011E-01  0.177559E+06  0.797734E-07   71.64  145.18   87.70  -66.74   71.64 -178.89
 3.3400  0.873495E+05  0.289805E-01  0.218134E+05  0.536370E-02  0.174657E+06  0.106372E-07   67.87   76.42   77.05  158.78   67.87    5.96
 3.3600  0.859260E+05  0.185168E-01  0.202126E+05  0.510951E-01  0.171811E+06  0.110306E-06   64.07   29.73   71.68 -123.33   64.07 -167.97
 3.3800  0.845293E+05  0.225505E-01  0.192541E+05  0.280742E-01  0.169018E+06  0.417541E-07   60.25 -106.06   67.15  104.08   60.24 -139.81
 3.4000  0.831580E+05  0.951808E-02  0.185299E+05  0.212572E-01  0.166277E+06  0.910376E-07   56.40  -24.90   62.89  168.71   56.39   62.52
 3.4200  0.818111E+05  0.279506E-01  0.179192E+05  0.325844E-01  0.163584E+06  0.467752E-07   52.52  -80.33   58.74 -143.20   52.52   36.83
 3.4400  0.804883E+05  0.104159E-01  0.173749E+05  0.161692E-01  0.160940E+06  0.217061E-08   48.62   72.06   54.63   78.13   48.62 -174.51
 3.4600  0.791886E+05  0.899753E-02  0.168737E+05  0.106517E-01  0.158341E+06  0.321240E-07   44.70 -166.37   50.55   88.26   44.69  179.25
 3.4800  0.779127E+05  0.712663E-02  0.164042E+05  0.391641E-01  0.155790E+06  0.717311E-07   40.75  -32.94   46.47  128.49   40.75  161.17
 3.5000  0.766642E+05  0.908787E-02  0.159590E+05  0.233800E-02  0.153294E+06  0.680264E-07   36.78 -120.24   42.39  148.82   36.78 -178.04
 3.5200  0.754608E+05  0.473488E-02  0.155340E+05  0.246705E-01  0.150888E+06  0.498841E-07   32.80  -15.37   38.29  135.92   32.80  -81.06
 3.5400  0.744577E+05  0.494411E-02  0.151263E+05  0.189195E-01  0.148882E+06  0.113990E-06   28.90  -54.47   34.17  -87.32   28.90  -98.94
 3.5600  0.723167E+05  0.729876E-02  0.147341E+05  0.121095E-01  0.144604E+06  0.940575E-08   23.99  121.12   30.03    9.11   23.98   73.43
 3.5800  0.713985E+05  0.128025E-01  0.143563E+05  0.130422E-01  0.142767E+06  0.553040E-07   20.33 -132.92   25.87 -132.14   20.33  161.89
 3.6000  0.701900E+05  0.137185E-01  0.139913E+05  0.105171E-01  0.140351E+06  0.278059E-07   16.24  -94.36   21.70   23.60   16.24   79.97
 3.6200  0.688986E+05  0.431933E-02  0.136382E+05  0.280491E-01  0.137769E+06  0.438912E-07   12.06  -82.19   17.49   82.64   12.06  -91.97
 3.6400  0.675030E+05  0.100088E-01  0.132964E+05  0.912654E-02  0.134978E+06  0.694157E-07    7.81  -71.20   13.27  -31.04    7.81  -81.02
 3.6600  0.659064E+05  0.163747E-01  0.129651E+05  0.715799E-02  0.131786E+06  0.409011E-07    3.44  -68.83    9.02  179.69    3.44   66.29
 3.6800  0.637982E+05  0.229352E-01  0.126439E+05  0.231520E-01  0.127572E+06  0.227248E-07   -1.17 -116.73    4.75  119.44   -1.17   89.62
 3.7000  0.597698E+05  0.116643E-01  0.123322E+05  0.132476E-01  0.119519E+06  0.493682E-07   -6.56 -150.39    0.45 -171.28   -6.56  -76.53
 3.7200  0.567937E+04  0.474419E-02  0.120299E+05  0.303347E-01  0.113904E+05  0.336000E-07  -27.52   56.72   -3.87  152.30  -27.55 -123.74
 3.7400  0.721111E+05  0.374367E-02  0.117362E+05  0.216000E-01  0.144188E+06  0.316041E-07   -9.29 -133.63   -8.22  -11.13   -9.29 -169.82
 3.7600  0.669605E+05  0.910623E-02  0.114513E+05  0.113530E-01  0.133892E+06  0.257583E-07  -15.28   16.85  -12.59  139.21  -15.28   35.35
 3.7800  0.647152E+05  0.106379E-01  0.111752E+05  0.131504E-02  0.129403E+06  0.496022E-07  -20.11   26.73  -16.98  157.77  -20.11   55.12
 3.8000  0.631556E+05  0.119659E-01  0.109085E+05  0.222433E-01  0.126285E+06  0.250114E-07  -24.69    1.37  -21.40 -176.15  -24.69  -71.72
 3.8200  0.618715E+05  0.297772E-02  0.106535E+05  0.345515E-02  0.123718E+06  0.707979E-07  -29.19   58.60  -25.85   93.99  -29.19 -134.25
 3.8400  0.607289E+05  0.590081E-02  0.104199E+05  0.877147E-02  0.121433E+06  0.613018E-07  -33.66  173.74  -30.33  -23.87  -33.67 -121.30
 3.8600  0.596716E+05  0.484666E-02  0.103012E+05  0.180813E-02  0.119319E+06  0.393376E-07  -38.14    2.03  -34.95 -162.36  -38.14  -64.55
 3.8800  0.586736E+05  0.235514E-02  0.964127E+04  0.523882E-02  0.117324E+06  0.617122E-07  -42.62 -178.13  -39.09    6.10  -42.62   10.49
 3.9000  0.577187E+05  0.136393E-02  0.952962E+04  0.166196E-01  0.115415E+06  0.405146E-07  -47.11    9.18  -43.71   -2.87  -47.11   50.57
 3.9200  0.567980E+05  0.260254E-02  0.931114E+04  0.809081E-02  0.113574E+06  0.296477E-07  -51.62  -19.13  -48.27  147.38  -51.62   18.31
 3.9400  0.559064E+05  0.454839E-02  0.907760E+04  0.200334E-01  0.111792E+06  0.347633E-07  -56.14    4.04  -52.83    9.96  -56.15  126.05
 3.9600  0.550396E+05  0.600747E-02  0.883660E+04  0.266313E-02  0.110059E+06  0.100031E-06  -60.69  164.45  -57.40  124.24  -60.70 -178.97
 3.9800  0.541958E+05  0.161044E-01  0.858725E+04  0.327657E-01  0.108371E+06  0.883356E-07  -65.26 -171.37  -61.98 -167.24  -65.27   -4.81
 4.0000  0.533730E+05  0.609047E-02  0.832426E+04  0.138651E-01  0.106726E+06  0.698181E-07  -69.85   27.78  -66.57  171.45  -69.86 -170.79
 4.0200  0.525694E+05  0.484804E-02  0.803866E+04  0.308600E-01  0.105120E+06  0.373018E-07  -74.47  -19.61  -71.15  169.16  -74.47  -17.49
 4.0400  0.517838E+05  0.666841E-03  0.771562E+04  0.219484E-01  0.103549E+06  0.112737E-06  -79.10   92.04  -75.75   -5.69  -79.11    6.63
 4.0600  0.510160E+05  0.125298E-01  0.731765E+04  0.155605E-01  0.102014E+06  0.185262E-06  -83.76   74.63  -80.34 -158.48  -83.76  -12.93
 4.0800  0.502661E+05  0.479374E-02  0.675068E+04  0.542131E-02  0.100515E+06  0.263673E-07  -88.44  174.84  -84.88   12.21  -88.44   24.90
 4.1000  0.495372E+05  0.477418E-02  0.567564E+04  0.674741E-02  0.990569E+05  0.131864E-06  -93.14   38.39  -89.29 -106.86  -93.14 -169.80
 4.1200  0.488389E+05  0.861746E-02  0.883548E+03  0.116325E-02  0.976608E+05  0.869368E-07  -97.86    0.27  -90.26  -63.78  -97.86  -18.27
 4.1400  0.482292E+05  0.534988E-02  0.139344E+05  0.358095E-01  0.964419E+05  0.616154E-07 -102.58 -153.23 -101.09  -54.27 -102.58   82.99
 4.1600  0.459177E+05  0.108590E-01  0.955058E+04  0.748204E-02  0.918179E+05  0.887051E-07 -106.82  160.18 -104.78   69.60 -106.82   81.50
 4.1800  0.464410E+05  0.700596E-02  0.852202E+04  0.138763E-01  0.928661E+05  0.820595E-07 -112.19   88.06 -109.33 -114.98 -112.19 -177.87
 4.2000  0.458292E+05  0.387304E-02  0.798819E+04  0.130541E-01  0.916428E+05  0.972907E-07 -116.99  110.62 -114.04 -164.16 -116.99   86.54
 4.2200  0.451734E+05  0.482072E-02  0.761914E+04  0.107949E-01  0.903317E+05  0.636405E-07 -121.81  108.34 -118.81  -30.30 -121.81   -8.23
 4.2400  0.445086E+05  0.168998E-02  0.732573E+04  0.447568E-02  0.890026E+05  0.298610E-07 -126.65 -101.93 -123.65   18.71 -126.65  174.59
 4.2600  0.438408E+05  0.487648E-02  0.707773E+04  0.505323E-02  0.876671E+05  0.721197E-07 -131.51  -79.64 -128.53 -105.04 -131.51  100.91
 4.2800  0.431695E+05  0.341463E-02  0.685866E+04  0.188901E-02  0.863250E+05  0.101258E-06 -136.38 -163.11 -133.44 -122.04 -136.38  -11.40
 4.3000  0.424916E+05  0.116970E-02  0.665887E+04  0.338620E-02  0.849695E+05  0.676029E-07 -141.26   34.93 -138.37  141.01 -141.26  -50.47
 4.3200  0.418017E+05  0.661002E-02  0.647247E+04  0.824106E-02  0.835901E+05  0.702523E-07 -146.14   73.69 -143.35  104.96 -146.14   93.65
 4.3400  0.410910E+05  0.342826E-02  0.629665E+04  0.238119E-02  0.821690E+05  0.188720E-07 -151.01   98.39 -148.36  163.72 -151.01   55.90
 4.3600  0.403460E+05  0.896303E-02  0.612998E+04  0.110441E-01  0.806794E+05  0.809287E-07 -155.82  -97.98 -153.39   90.83 -155.82  -62.49
 4.3800  0.394598E+05  0.619225E-02  0.597081E+04  0.103263E-02  0.789054E+05  0.398180E-06 -159.89 -110.91 -158.46 -144.49 -159.90   86.45
 4.4000  0.384859E+05  0.301009E-02  0.581783E+04  0.626200E-02  0.769609E+05  0.752068E-07 -165.90  -73.07 -163.55   37.24 -165.90   97.83
 4.4200  0.372865E+05  0.394729E-02  0.567045E+04  0.414954E-02  0.745629E+05  0.120267E-06 -170.42  110.43 -168.68   76.45 -170.42 -106.91
 4.4400  0.352826E+05  0.614528E-02  0.552829E+04  0.171694E-01  0.705564E+05  0.494452E-06 -174.57  139.09 -173.83   31.78 -174.57   87.27
 4.4600  0.293266E+05  0.949450E-03  0.539035E+04  0.120192E-01  0.586491E+05  0.154495E-07 -176.37  136.67 -179.01  -55.14 -176.37  -66.22
 4.4800  0.641439E+05  0.909632E-02  0.525633E+04  0.451375E-02  0.128254E+06  0.417175E-07  155.46  -54.93  175.79  132.13  155.46   39.35
 4.5000  0.433637E+05  0.752922E-03  0.512589E+04  0.681933E-02  0.867111E+05  0.207565E-06  164.06  148.91  170.56  -93.81  164.06   94.28
 4.5200  0.403907E+05  0.219018E-02  0.499854E+04  0.459075E-03  0.807676E+05  0.660193E-07  160.44  -84.89  165.31   64.69  160.44  -49.05
 4.5400  0.389288E+05  0.284931E-02  0.487372E+04  0.392376E-02  0.778446E+05  0.165734E-06  155.83  118.43  160.05  143.94  155.83  -84.65
 4.5600  0.379230E+05  0.190956E-02  0.475105E+04  0.506354E-02  0.758339E+05  0.177261E-06  150.92 -128.00  154.76  -26.81  150.92  -92.71
 4.5800  0.371151E+05  0.538787E-03  0.462970E+04  0.585586E-02  0.742186E+05  0.373367E-07  145.86  146.24  149.47    5.40  145.86  -72.10
 4.6000  0.364135E+05  0.255988E-02  0.450825E+04  0.732058E-02  0.728158E+05  0.446221E-06  140.71    0.58  144.20 -176.14  140.71   89.40
 4.6200  0.357797E+05  0.634506E-03  0.438603E+04  0.536600E-02  0.715486E+05  0.508801E-08  135.50  157.11  138.94    5.04  135.50   13.12
 4.6400  0.351961E+05  0.717007E-02  0.426352E+04  0.106402E-01  0.703816E+05  0.547911E-07  130.24 -177.35  133.76    2.25  130.23  100.53
 4.6600  0.346900E+05  0.242877E-02  0.415239E+04  0.524032E-02  0.693698E+05  0.291454E-06  124.91  122.71  129.35   20.31  124.91   93.42
 4.6800  0.340278E+05  0.283823E-03  0.392965E+04  0.100702E-01  0.680454E+05  0.154543E-06  119.79    0.35  122.82   -6.55  119.79   95.26
 4.7000  0.335279E+05  0.360190E-02  0.378695E+04  0.572407E-02  0.670459E+05  0.237487E-06  114.33  -44.67  117.75   -7.88  114.33   90.04
 4.7200  0.330323E+05  0.277205E-02  0.359854E+04  0.271348E-02  0.660551E+05  0.187847E-06  108.92 -151.29  112.69  -47.84  108.92   88.61
 4.7400  0.325460E+05  0.365945E-02  0.335219E+04  0.104299E-01  0.650829E+05  0.215150E-06  103.50  -95.46  107.74   12.27  103.50   88.19
 4.7600  0.320699E+05  0.514560E-02  0.298811E+04  0.262319E-02  0.641308E+05  0.518225E-07   98.06  -69.15  103.11  -22.06   98.06  -94.91
 4.7800  0.316033E+05  0.181725E-01  0.231240E+04  0.699203E-01  0.631979E+05  0.247704E-06   92.60  -63.57   99.36  102.18   92.59  -83.59
 4.8000  0.311440E+05  0.340669E-02  0.176607E+03  0.113594E-02  0.622796E+05  0.642707E-07   87.11  165.22  105.87  176.75   87.11  -74.19
 4.8200  0.306919E+05  0.169245E-01  0.155334E+05  0.167580E-01  0.613756E+05  0.317717E-06   81.61   15.04   47.98 -127.91   81.61  -90.13
 4.8400  0.302453E+05  0.327794E-02  0.618398E+04  0.108962E-01  0.604826E+05  0.460351E-07   76.10  173.86   71.50   25.28   76.10 -103.67
 4.8600  0.298031E+05  0.250632E-02  0.499180E+04  0.103190E-01  0.595984E+05  0.125348E-06   70.58 -153.21   69.03  -53.44   70.58  -87.56
 4.8800  0.293645E+05  0.665142E-02  0.448865E+04  0.127378E-02  0.587214E+05  0.429259E-07   65.06  111.45   64.57   38.78   65.06  -97.18
 4.9000  0.289319E+05  0.555426E-02  0.421721E+04  0.104674E-01  0.578564E+05  0.292362E-06   59.56   87.42   59.34  -79.11   59.56  -85.85
 4.9200  0.284850E+05  0.127429E-02  0.397127E+04  0.100321E-01  0.569621E+05  0.992764E-07   54.40  156.33   54.70   78.10   54.40  -71.59
 4.9400  0.278643E+05  0.252664E-02  0.379228E+04  0.170322E-02  0.557215E+05  0.189849E-06   48.22  -93.40   49.20  -51.94   48.22  -92.51
 4.9600  0.274510E+05  0.300112E-02  0.364394E+04  0.553402E-02  0.548952E+05  0.605459E-07   42.75 -145.93   43.65   82.37   42.75   74.07
 4.9800  0.269571E+05  0.185123E-02  0.351337E+04  0.121211E-01  0.539075E+05  0.919564E-07   37.27   62.70   38.01  -88.30   37.27   86.21
 5.0000  0.264070E+05  0.847461E-03  0.339604E+04  0.179695E-02  0.528077E+05  0.204410E-06   31.84 -142.26   32.31 -130.43   31.84   82.54
 5.0200  0.257735E+05  0.153312E-02  0.328862E+04  0.628588E-02  0.515410E+05  0.432727E-07   26.52  113.56   26.58   63.44   26.52 -116.30
 5.0400  0.249837E+05  0.120931E-02  0.318840E+04  0.122732E-02  0.499616E+05  0.116888E-06   21.45   87.92   20.79   18.96   21.45  -96.00
 5.0600  0.235711E+05  0.443506E-02  0.309383E+04  0.428545E-02  0.471363E+05  0.108540E-06   16.14  119.45   14.97   70.30   16.14   87.36
 5.0800  0.220909E+05  0.465323E-02  0.300368E+04  0.121756E-02  0.441784E+05  0.213860E-06   12.56  -83.24    9.11   36.88   12.56   90.05
 5.1000  0.168932E+05  0.447968E-02  0.291726E+04  0.530783E-02  0.337863E+05  0.317891E-06   13.35  -64.09    3.22   83.08   13.35   90.79
 5.1200  0.460707E+05  0.179227E-02  0.283371E+04  0.107445E-02  0.921131E+05  0.193510E-07  -72.28  179.33   -2.70 -137.26  -72.28  -47.34
 5.1400  0.321965E+05  0.513968E-02  0.275236E+04  0.682122E-02  0.643818E+05  0.392061E-07  -21.62  118.61   -8.64  -55.03  -21.62   90.59
 5.1600  0.287496E+05  0.282510E-02  0.267231E+04  0.587327E-03  0.574904E+05  0.537283E-07  -22.48  159.23  -14.59   46.81  -22.48  -88.14
 5.1800  0.272547E+05  0.381543E-02  0.259259E+04  0.272684E-02  0.545017E+05  0.711766E-07  -26.60  -38.96  -20.53  130.19  -26.60   88.26
 5.2000  0.263198E+05  0.107293E-02  0.251196E+04  0.748725E-02  0.526323E+05  0.106481E-06  -31.63  -36.35  -26.46   12.50  -31.63   94.38
 5.2200  0.256207E+05  0.179678E-02  0.242870E+04  0.587722E-02  0.512345E+05  0.218054E-06  -37.05  177.69  -32.35 -175.29  -37.05  -92.15
 5.2400  0.250453E+05  0.439829E-02  0.234108E+04  0.472479E-02  0.500841E+05  0.220921E-07  -42.68   -0.71  -38.21    3.33  -42.68   15.20
 5.2600  0.245439E+05  0.297946E-02  0.224737E+04  0.116322E-02  0.490814E+05  0.368958E-07  -48.44  178.45  -44.02  -52.84  -48.44  106.98
 5.2800  0.240892E+05  0.234274E-02  0.214322E+04  0.427627E-02  0.481722E+05  0.178447E-06  -54.28  -10.84  -49.74 -164.62  -54.28   90.45
 5.3000  0.236669E+05  0.249798E-02  0.202098E+04  0.961045E-02  0.473280E+05  0.218240E-06  -60.20  -17.22  -55.19  175.74  -60.20   90.97
 5.3200  0.232689E+05  0.255711E-02  0.184146E+04  0.838663E-02  0.465322E+05  0.346847E-06  -66.17  165.15  -61.52   -0.20  -66.17   89.74
 5.3400  0.228895E+05  0.148921E-02  0.166415E+04  0.267341E-02  0.457735E+05  0.115216E-06  -72.17   11.53  -66.61   -6.66  -72.18   93.87
 5.3600  0.225262E+05  0.189683E-02  0.135733E+04  0.425928E-02  0.450472E+05  0.555358E-07  -78.21  -52.39  -71.13  153.89  -78.21   84.53
 5.3800  0.221807E+05  0.242429E-02  0.773461E+03  0.335065E-02  0.443561E+05  0.734543E-07  -84.26   80.08  -74.02 -178.22  -84.26   84.37
 5.4000  0.217764E+05  0.557228E-02  0.991148E+03  0.125923E-01  0.435476E+05  0.313791E-06  -90.22   34.22  107.84 -159.89  -90.22  -93.22
 5.4200  0.214377E+05  0.270808E-02  0.103807E+05  0.115437E-01  0.428706E+05  0.128822E-06  -96.48   37.35 -158.47 -179.24  -96.48   79.67
 5.4400  0.211026E+05  0.607700E-02  0.454739E+04  0.574305E-02  0.422005E+05  0.897231E-07 -102.61   41.04 -114.57  -44.20 -102.61  -85.19
 5.4600  0.207607E+05  0.160899E-02  0.342236E+04  0.398098E-02  0.415169E+05  0.147084E-06 -108.73   41.86 -114.45  170.35 -108.73   84.81
 5.4800  0.204116E+05  0.113251E-02  0.296074E+04  0.384480E-02  0.408188E+05  0.197249E-06 -114.85   96.26 -118.29   44.01 -114.85   87.55
 5.5000  0.200510E+05  0.252916E-02  0.269172E+04  0.315616E-02  0.400979E+05  0.129806E-06 -120.95   93.23 -123.29  111.41 -120.95   91.95
 5.5200  0.196741E+05  0.292811E-02  0.250544E+04  0.930335E-03  0.393442E+05  0.267082E-07 -127.03  -79.97 -128.82  134.51 -127.03  -42.57
 5.5400  0.192905E+05  0.163774E-02  0.236284E+04  0.437052E-02  0.385767E+05  0.185339E-06 -132.92   63.38 -134.65  129.17 -132.92  -77.27
 5.5600  0.187099E+05  0.620671E-03  0.224589E+04  0.881767E-02  0.374154E+05  0.479748E-07 -139.18   69.17 -140.66  -85.16 -139.18  -92.23
 5.5800  0.182916E+05  0.573421E-03  0.214561E+04  0.132261E-02  0.365798E+05  0.874055E-08 -144.97    7.85 -146.83   65.22 -144.97 -139.72
 5.6000  0.176671E+05  0.144140E-02  0.205919E+04  0.188602E-02  0.353310E+05  0.922762E-08 -150.51 -124.40 -153.10  -58.59 -150.51   87.69
 5.6200  0.168021E+05  0.188651E-02  0.197385E+04  0.252237E-02  0.336015E+05  0.887153E-07 -155.60  -86.90 -159.13  -86.39 -155.60   49.23
 5.6400  0.153453E+05  0.164751E-02  0.189476E+04  0.565697E-02  0.306878E+05  0.173749E-06 -159.70   76.33 -165.70   99.99 -159.70 -105.04
 5.6600  0.125448E+05  0.233287E-03  0.182366E+04  0.140274E-02  0.250896E+05  0.410839E-07 -161.41  146.78 -172.20   43.45 -161.41    8.58
 5.6800  0.620041E+03  0.185367E-03  0.175552E+04  0.363222E-02  0.123330E+04  0.295885E-06   35.67  -17.90 -178.71   19.71   35.74   86.65
 5.7000  0.295108E+05  0.562302E-03  0.168886E+04  0.354071E-02  0.590100E+05  0.196428E-07  140.80   -7.88  174.75 -167.67  140.80  165.02
 5.7200  0.234371E+05  0.346160E-03  0.162240E+04  0.808073E-03  0.468672E+05  0.148942E-06  153.81  -69.55  168.11  -56.19  153.81   76.40
 5.7400  0.213049E+05  0.277904E-02  0.156285E+04  0.215605E-02  0.426043E+05  0.727605E-07  152.08    3.29  161.55  -45.82  152.08  116.51
 5.7600  0.201708E+05  0.703165E-03  0.149599E+04  0.233638E-02  0.403368E+05  0.164829E-06  147.65  -23.54  155.15  -14.32  147.65   55.17
 5.7800  0.194131E+05  0.108842E-02  0.142439E+04  0.376995E-02  0.388218E+05  0.987928E-07  142.26   -0.27  148.77    3.50  142.26  -31.29
 5.8000  0.188407E+05  0.180406E-02  0.134567E+04  0.280247E-02  0.376772E+05  0.202049E-06  136.42   -0.10  142.47 -166.99  136.42   88.27
 5.8200  0.183703E+05  0.102646E-02  0.125560E+04  0.345122E-03  0.367366E+05  0.607689E-07  130.42 -177.61  136.31  167.03  130.42  132.40
 5.8400  0.179196E+05  0.152616E-02  0.114682E+04  0.407455E-03  0.358354E+05  0.587090E-07  124.12    3.48  130.38   15.87  124.12   80.42
 5.8600  0.175413E+05  0.287001E-02  0.100641E+04  0.101091E-02  0.350790E+05  0.185344E-06  117.71  164.48  124.82    2.55  117.71  -80.70
 5.8800  0.171900E+05  0.203285E-02  0.803098E+03  0.389238E-02  0.343768E+05  0.161414E-06  111.24  -69.49  119.36 -114.16  111.24  -83.71
 5.9000  0.168556E+05  0.121862E-02  0.527496E+03  0.380627E-02  0.337082E+05  0.227217E-06  104.70 -155.06  114.49 -176.66  104.70  -54.52
 5.9200  0.165544E+05  0.169475E-02  0.237452E+02  0.187053E-02  0.331058E+05  0.107409E-06   98.11  -26.86  -95.55 -136.10   98.11   64.90
 5.9400  0.162523E+05  0.214955E-02  0.154962E+04  0.977465E-03  0.325016E+05  0.146924E-06   91.56  -74.11  -64.03   40.70   91.56 -138.27
 5.9600  0.159490E+05  0.946420E-02  0.727879E+04  0.706637E-02  0.318952E+05  0.225643E-06   84.98  157.59    5.99   81.25   84.98   70.22
 5.9800  0.156458E+05  0.203845E-02  0.383123E+04  0.290159E-02  0.312889E+05  0.815980E-07   78.42   89.76   58.58 -159.31   78.42  101.15
 6.0000  0.153035E+05  0.164589E-02  0.269511E+04  0.275414E-03  0.306043E+05  0.618506E-07   71.83  154.72   61.66  177.42   71.82   63.63
 6.0200  0.149944E+05  0.225865E-02  0.222853E+04  0.338103E-02  0.299864E+05  0.698117E-07   65.21  -98.38   58.54  -60.43   65.21   63.38
 6.0400  0.146582E+05  0.150208E-02  0.196412E+04  0.338262E-02  0.293141E+05  0.114298E-06   58.70   65.09   53.62  170.05   58.70  -60.80
 6.0600  0.142877E+05  0.254023E-02  0.178638E+04  0.662064E-02  0.285732E+05  0.585280E-07   52.27  -57.94   47.93   89.02   52.27   96.03
 6.0800  0.138623E+05  0.119372E-02  0.165278E+04  0.182911E-02  0.277226E+05  0.481620E-07   45.99   34.81   41.81 -115.46   45.99  -84.85
 6.1000  0.133107E+05  0.402104E-03  0.154500E+04  0.239599E-02  0.266190E+05  0.599154E-07   39.93  147.75   35.42  115.57   39.93   79.50
 6.1200  0.127082E+05  0.222594E-02  0.145336E+04  0.849247E-03  0.254149E+05  0.137160E-06   33.79  -94.48   28.83 -146.38   33.79    8.06
 6.1400  0.118257E+05  0.589623E-03  0.137263E+04  0.219294E-02  0.236502E+05  0.572458E-07   28.77   39.49   22.08   78.93   28.77   77.46
 6.1600  0.103005E+05  0.142139E-02  0.129968E+04  0.539606E-02  0.206003E+05  0.281033E-07   25.21   89.41   15.21  -90.24   25.21  146.28
 6.1800  0.695377E+04  0.453316E-03  0.123263E+04  0.361229E-02  0.139088E+05  0.482770E-07   25.17 -151.03    8.28  116.63   25.17   10.40
 6.2000  0.698824E+04  0.824471E-03  0.116665E+04  0.334065E-03  0.139688E+05  0.335861E-07 -128.81  -20.68    1.46   28.62 -128.80  154.50
 6.2200  0.234779E+05  0.109136E-02  0.110185E+04  0.275812E-02  0.469470E+05  0.748725E-07  -45.22  141.21   -5.67   -8.62  -45.22  136.96
 6.2400  0.189981E+05  0.671391E-03  0.103934E+04  0.138705E-02  0.379909E+05  0.317038E-07  -31.01 -167.91  -12.70   28.45  -31.02  -90.57
 6.2600  0.170316E+05  0.686376E-03  0.974587E+03  0.801487E-03  0.340590E+05  0.877546E-07  -31.99 -154.59  -19.65  -67.02  -31.99 -112.26
 6.2800  0.159514E+05  0.161834E-02  0.905094E+03  0.424574E-02  0.318994E+05  0.336882E-07  -36.31  177.38  -26.51   -5.13  -36.31   84.40
 6.3000  0.152313E+05  0.115483E-03  0.828096E+03  0.121995E-02  0.304596E+05  0.220254E-07  -41.82   21.87  -33.25   -7.66  -41.82  -70.55
 6.3200  0.146846E+05  0.435146E-03  0.738878E+03  0.644435E-03  0.293665E+05  0.410109E-07  -47.92    1.69  -39.82  152.77  -47.92   80.10
 6.3400  0.142364E+05  0.114241E-02  0.629771E+03  0.326216E-02  0.284703E+05  0.573698E-07  -54.35  179.93  -46.10   -3.57  -54.35   71.06
 6.3600  0.138499E+05  0.124646E-02  0.487236E+03  0.382425E-02  0.276974E+05  0.376670E-07  -60.99  -19.68  -51.90  177.89  -60.99   86.29
 6.3800  0.135043E+05  0.116833E-02  0.283586E+03  0.919381E-03  0.270063E+05  0.343054E-07  -67.75  172.69  -56.87   23.93  -67.75   90.16
 6.4000  0.131648E+05  0.647605E-03  0.350829E+02  0.909406E-03  0.263274E+05  0.100272E-07  -74.59  -56.64  129.89  -61.60  -74.59   26.48
 6.4200  0.128558E+05  0.148752E-02  0.660316E+03  0.216402E-02  0.257097E+05  0.397677E-07  -81.57 -137.29  116.90   55.59  -81.57 -107.78
 6.4400  0.125602E+05  0.104632E-02  0.245900E+04  0.293332E-02  0.251185E+05  0.492409E-07  -88.56 -164.95  128.85   -5.11  -88.56   44.35
 6.4600  0.122671E+05  0.160143E-02  0.537362E+04  0.108141E-01  0.245325E+05  0.847380E-07  -95.55  -29.47 -159.70   -3.07  -95.55   89.37
 6.4800  0.119704E+05  0.150506E-02  0.306047E+04  0.305537E-02  0.239392E+05  0.943309E-07 -102.53  -46.56 -125.50  -78.85 -102.53   81.37
 6.5000  0.116615E+05  0.158709E-02  0.217801E+04  0.305124E-02  0.233214E+05  0.754116E-07 -109.45 -137.38 -122.65  -86.81 -109.45   94.25
 6.5200  0.113181E+05  0.950858E-03  0.176991E+04  0.177784E-03  0.226348E+05  0.189557E-07 -116.33   84.70 -125.68   74.03 -116.33  -95.64
 6.5400  0.109587E+05  0.474434E-03  0.152743E+04  0.149416E-02  0.219163E+05  0.821506E-07 -123.17    5.13 -130.67   83.04 -123.17 -103.94
 6.5600  0.105462E+05  0.455567E-03  0.135969E+04  0.158641E-02  0.210913E+05  0.423143E-07 -129.77 -116.48 -136.60  121.96 -129.77   87.93
 6.5800  0.100311E+05  0.124665E-02  0.123193E+04  0.129327E-02  0.200612E+05  0.625266E-07 -136.01   61.90 -143.06   53.02 -136.01  105.95
 6.6000  0.932300E+04  0.158448E-02  0.112805E+04  0.349365E-02  0.186448E+05  0.171053E-06 -141.90  -94.29 -149.87   90.57 -141.90  134.82
 6.6200  0.838913E+04  0.109446E-02  0.103942E+04  0.764624E-03  0.167779E+05  0.144926E-07 -147.17  111.55 -156.92  -48.58 -147.17  115.74
 6.6400  0.673916E+04  0.817689E-04  0.961055E+03  0.116394E-02  0.134787E+05  0.249900E-07 -150.01   66.07 -164.15 -171.51 -150.01   98.90
 6.6600  0.296697E+04  0.590997E-03  0.889553E+03  0.106660E-02  0.593577E+04  0.638097E-07 -147.97 -137.22 -171.49  155.21 -147.98  -80.91
 6.6800  0.101751E+05  0.415105E-03  0.822176E+03  0.995013E-03  0.203429E+05  0.699473E-07   64.06  134.58 -178.89  -12.11   64.06   96.52
 6.7000  0.193348E+05  0.391615E-03  0.756420E+03  0.207904E-02  0.386626E+05  0.531975E-07  130.30  -61.11  173.76   27.97  130.30  -98.62
 6.7200  0.159402E+05  0.578352E-03  0.688101E+03  0.185080E-02  0.318760E+05  0.328670E-07  144.34  -51.96  166.46  160.36  144.34   49.11
 6.7400  0.141582E+05  0.367417E-03  0.617341E+03  0.104794E-02  0.283131E+05  0.118336E-06  143.93  -46.50  159.13  -72.18  143.93  -90.59
 6.7600  0.131228E+05  0.278386E-03  0.539934E+03  0.107899E-02  0.262428E+05  0.616202E-07  139.82  176.28  152.01    4.94  139.82  -78.30
 6.7800  0.124073E+05  0.573660E-03  0.450561E+03  0.331232E-03  0.248122E+05  0.716020E-07  134.23   -1.34  145.14  -75.83  134.23 -141.01
 6.8000  0.118673E+05  0.629419E-03  0.342047E+03  0.124661E-02  0.237325E+05  0.818914E-07  127.91 -122.98  138.62   17.18  127.91  140.23
 6.8200  0.114262E+05  0.567600E-03  0.201021E+03  0.348343E-03  0.228505E+05  0.978195E-07  121.19   19.08  132.85  -14.73  121.19 -150.04
 6.8400  0.110453E+05  0.386299E-03  0.368975E+01  0.196424E-02  0.220889E+05  0.584825E-07  114.22  168.63 -171.79  -20.32  114.22  164.44
 6.8600  0.107023E+05  0.347102E-03  0.314809E+03  0.843498E-03  0.214030E+05  0.844382E-07  107.11   31.88  -57.04 -135.10  107.11  -84.75
 6.8800  0.103825E+05  0.205018E-02  0.896423E+03  0.255272E-02  0.207635E+05  0.706337E-07   99.90    0.63  -57.39 -179.96   99.90 -158.45
 6.9000  0.100693E+05  0.934999E-03  0.238875E+04  0.359620E-02  0.201371E+05  0.121802E-07   92.65  -55.30  -45.07   17.13   92.64   98.96
 6.9200  0.976457E+04  0.138221E-02  0.444004E+04  0.981610E-03  0.195279E+05  0.455854E-07   85.32   60.09   12.81   91.81   85.32    5.64
 6.9400  0.945666E+04  0.165144E-02  0.279315E+04  0.176613E-02  0.189122E+05  0.765471E-07   78.05  177.01   48.41  -75.00   78.05   -4.46
 6.9600  0.913238E+04  0.243318E-02  0.193971E+04  0.125403E-02  0.182638E+05  0.764349E-08   70.84  139.88   53.33  -42.96   70.84 -115.78
 6.9800  0.877683E+04  0.111616E-02  0.152564E+04  0.310387E-02  0.175527E+05  0.631788E-07   63.75   84.83   50.96   96.46   63.75  176.25
 7.0000  0.836610E+04  0.503987E-03  0.127835E+04  0.377518E-02  0.167315E+05  0.248789E-07   56.81  -58.40   46.11  -91.31   56.81   14.39
 7.0200  0.788562E+04  0.254804E-03  0.110817E+04  0.138642E-02  0.157707E+05  0.266694E-07   50.14 -105.10   40.08  117.51   50.14 -166.42
 7.0400  0.726164E+04  0.413526E-03  0.979381E+03  0.841592E-03  0.145229E+05  0.173154E-07   44.00  -83.63   33.41  -93.03   44.00  -85.31
 7.0600  0.637031E+04  0.621279E-03  0.874876E+03  0.251104E-02  0.127403E+05  0.615229E-07   38.61 -115.27   26.34  -72.17   38.61  -95.78
 7.0800  0.499553E+04  0.362419E-03  0.786059E+03  0.108404E-02  0.999154E+04  0.285332E-07   34.82  -78.40   18.99   33.07   34.82  -92.73
 7.1000  0.219729E+04  0.134527E-02  0.706648E+03  0.988809E-03  0.439608E+04  0.371219E-08   35.83   93.08   11.49   72.58   35.83  -27.05
 7.1200  0.542612E+04  0.322259E-03  0.632706E+03  0.972272E-03  0.108478E+05  0.150374E-07 -125.45 -128.85    3.87  101.05 -125.44  -64.72
 7.1400  0.167164E+05  0.484461E-03  0.561381E+03  0.134328E-02  0.334261E+05  0.907086E-07  -69.04  152.84   -3.82  -51.37  -69.04  -90.71
 7.1600  0.146230E+05  0.798199E-04  0.489809E+03  0.893013E-03  0.292418E+05  0.103690E-07  -42.53   -6.76  -11.50  -65.52  -42.53 -103.96
 7.1800  0.125969E+05  0.306157E-03  0.414389E+03  0.207212E-03  0.251908E+05  0.927609E-07  -39.26 -174.56  -19.08   65.82  -39.26   74.40
 7.2000  0.114096E+05  0.293326E-03  0.331263E+03  0.794083E-03  0.228169E+05  0.101635E-06  -42.14 -176.07  -26.59  179.78  -42.14 -106.00
 7.2200  0.106192E+05  0.218295E-03  0.235006E+03  0.510653E-03  0.212364E+05  0.461979E-07  -47.28  -11.18  -33.78   -8.39  -47.28   98.56
 7.2400  0.100347E+05  0.267802E-03  0.115697E+03  0.477236E-03  0.200676E+05  0.336823E-07  -53.48   37.02  -40.45 -105.90  -53.48  -31.93
 7.2600  0.956012E+04  0.747736E-03  0.436258E+02  0.844883E-03  0.191187E+05  0.683573E-07  -60.24  -13.47  132.89    8.29  -60.24  -99.16
 7.2800  0.915493E+04  0.498334E-03  0.277072E+03  0.904290E-03  0.183086E+05  0.411038E-07  -67.37  -24.26  128.57 -137.14  -67.37  -95.91
 7.3000  0.879406E+04  0.763392E-03  0.663078E+03  0.276794E-02  0.175870E+05  0.156805E-07  -74.71 -151.84  126.68   -9.45  -74.71  -92.15
 7.3200  0.845855E+04  0.375536E-03  0.141666E+04  0.278152E-02  0.169161E+05  0.602878E-07  -82.16  121.48  130.48 -172.42  -82.16   87.27
 7.3400  0.813441E+04  0.393388E-03  0.310590E+04  0.361021E-02  0.162679E+05  0.309281E-07  -89.66  -41.76  156.14  126.43  -89.66  -86.97
 7.3600  0.780636E+04  0.645767E-03  0.328838E+04  0.124526E-02  0.156119E+05  0.154653E-07  -97.16    6.96 -151.34   -8.93  -97.16  136.07
 7.3800  0.746864E+04  0.292557E-02  0.214253E+04  0.421585E-02  0.149366E+05  0.289048E-09 -104.64 -172.69 -132.68 -152.23 -104.64 -177.23
 7.4000  0.710528E+04  0.129020E-02  0.156190E+04  0.674117E-03  0.142100E+05  0.911297E-07 -111.98 -169.14 -130.81  -48.51 -111.98  -89.09
 7.4200  0.669143E+04  0.656675E-03  0.124030E+04  0.877101E-03  0.133825E+05  0.325916E-07 -119.10 -178.96 -133.99   30.30 -119.10   71.96
 7.4400  0.619208E+04  0.589129E-03  0.103047E+04  0.663695E-03  0.123839E+05  0.622733E-07 -125.88  -57.03 -139.26 -110.32 -125.88  -87.19
 7.4600  0.555366E+04  0.581114E-03  0.878723E+03  0.945495E-03  0.111073E+05  0.484198E-07 -132.09  147.86 -145.66  -80.79 -132.09 -111.49
 7.4800  0.464677E+04  0.727307E-03  0.759903E+03  0.146060E-02  0.929373E+04  0.359390E-07 -137.25  119.08 -152.71  -85.73 -137.25   39.77
 7.5000  0.320867E+04  0.343021E-03  0.661049E+03  0.600465E-03  0.641796E+04  0.103900E-06 -140.72  -86.12 -160.18  108.82 -140.73 -144.32
 7.5200  0.452964E+03  0.321689E-03  0.574395E+03  0.355768E-03  0.907752E+03  0.871546E-07 -139.86  -87.30 -167.89  -50.96 -139.87 -176.58
 7.5400  0.620030E+04  0.106009E-03  0.494629E+03  0.337292E-03  0.123964E+05  0.431437E-07   59.73 -125.03 -175.74  -97.10   59.73   83.21
 7.5600  0.143580E+05  0.498554E-03  0.417559E+03  0.530587E-03  0.287101E+05  0.573858E-07  107.24 -178.44  176.36    3.64  107.24  135.16
 7.5800  0.129512E+05  0.427593E-03  0.339584E+03  0.453164E-03  0.258984E+05  0.730712E-07  132.69  -63.17  168.45  -79.09  132.69 -142.91
 7.6000  0.110937E+05  0.421145E-03  0.257038E+03  0.479599E-03  0.221847E+05  0.698896E-07  136.94  179.82  160.67   -1.38  136.94  116.86
 7.6200  0.992507E+04  0.185729E-03  0.164187E+03  0.642809E-03  0.198480E+05  0.620827E-07  134.49   15.71  153.15   -0.32  134.49   48.72
 7.6400  0.913025E+04  0.117434E-03  0.534903E+02  0.712142E-03  0.182588E+05  0.524994E-07  129.47   39.71  145.85 -178.21  129.47   90.31
 7.6600  0.853485E+04  0.205771E-03  0.873226E+02  0.568815E-03  0.170682E+05  0.346681E-07  123.23  -88.61  -40.18  162.72  123.23  -89.62
 7.6800  0.805321E+04  0.316462E-03  0.282219E+03  0.126672E-02  0.161051E+05  0.106615E-06  116.34  133.85  -45.66  -10.23  116.34  -88.55
 7.7000  0.763752E+04  0.244056E-03  0.582066E+03  0.321863E-03  0.152739E+05  0.492460E-07  109.06  -50.27  -48.91  -18.94  109.07   87.95
 7.7200  0.726129E+04  0.557567E-03  0.110702E+04  0.801669E-03  0.145217E+05  0.518778E-07  101.54 -170.99  -47.46  -21.67  101.54   85.10
 7.7400  0.690874E+04  0.721618E-03  0.215286E+04  0.103949E-02  0.138167E+05  0.902236E-07   93.90  138.74  -33.70   27.81   93.90   77.93
 7.7600  0.656210E+04  0.267908E-02  0.312121E+04  0.263112E-02  0.131235E+05  0.202099E-07   86.25  -18.47    7.84  160.16   86.25  -74.69
 7.7800  0.620342E+04  0.495349E-03  0.227018E+04  0.151827E-02  0.124063E+05  0.481092E-07   78.65    7.29   38.33   15.19   78.65  -82.46
 7.8000  0.581684E+04  0.120435E-02  0.158949E+04  0.294840E-02  0.116333E+05  0.151098E-06   71.15  146.53   45.35   86.82   71.15  -85.90
 7.8200  0.538072E+04  0.370926E-03  0.121126E+04  0.656780E-03  0.107612E+05  0.189242E-06   63.91   83.61   44.06  166.29   63.91   85.56
 7.8400  0.485534E+04  0.440491E-03  0.973990E+03  0.203228E-03  0.971056E+04  0.216264E-07   57.08  -76.69   39.58   57.32   57.08 -172.27
 7.8600  0.417798E+04  0.915212E-03  0.806785E+03  0.215681E-02  0.835610E+04  0.111567E-06   50.90 -148.37   33.58   65.75   50.90   90.50
 7.8800  0.322164E+04  0.340902E-03  0.677429E+03  0.229023E-03  0.644370E+04  0.394306E-07   45.97 -160.86   26.71   29.51   45.98  -88.71
 7.9000  0.169043E+04  0.167749E-03  0.570838E+03  0.685703E-03  0.338170E+04  0.373508E-07   43.15 -144.18   19.28  -44.11   43.15  -82.93
 7.9200  0.118711E+04  0.113705E-03  0.477692E+03  0.523684E-03  0.237226E+04  0.190030E-06 -131.95   46.81   11.55 -178.79 -131.94   86.65
 7.9400  0.729694E+04  0.155516E-03  0.391785E+03  0.512169E-03  0.145898E+05  0.107804E-06 -112.36  156.56    3.63  103.89 -112.36  -90.99
 7.9600  0.126131E+05  0.304312E-03  0.308506E+03  0.695329E-03  0.252213E+05  0.491769E-07  -71.56    5.44   -4.40   26.76  -71.56  -64.63
 7.9800  0.113395E+05  0.217745E-03  0.223520E+03  0.161977E-02  0.226756E+05  0.671924E-07  -50.57  165.06  -12.48  179.69  -50.57  -70.62
 8.0000  0.973810E+04  0.126961E-03  0.131936E+03  0.476120E-03  0.194737E+05  0.155377E-06  -46.78  -33.51  -20.67  161.79  -46.78  -79.42
 8.0200  0.865921E+04  0.874323E-04  0.273881E+02  0.519204E-03  0.173165E+05  0.588498E-07  -49.24    3.42  -32.49 -167.44  -49.24  100.98
 8.0400  0.789582E+04  0.282655E-03  0.100458E+03  0.108213E-02  0.157901E+05  0.439759E-07  -54.29  -18.59  147.63 -171.66  -54.29  -85.45
 8.0600  0.731069E+04  0.106894E-03  0.268744E+03  0.514414E-03  0.146200E+05  0.104240E-06  -60.62  -26.41  140.71  120.42  -60.62  106.89
 8.0800  0.682807E+04  0.303136E-03  0.512392E+03  0.547983E-03  0.136550E+05  0.144054E-06  -67.63  148.28  136.19    2.32  -67.63  -71.93
 8.1000  0.640466E+04  0.667067E-04  0.906705E+03  0.353451E-04  0.128083E+05  0.362074E-07  -75.03  -17.95  135.45   15.03  -75.03  177.12
 8.1200  0.601334E+04  0.485071E-03  0.161117E+04  0.156896E-02  0.120258E+05  0.131159E-06  -82.67  110.40  143.22  153.93  -82.67  155.28
 8.1400  0.563607E+04  0.129881E-02  0.259411E+04  0.153674E-02  0.112715E+05  0.300470E-07  -90.41   71.81  170.97  105.85  -90.41  -86.45
 8.1600  0.525470E+04  0.925086E-03  0.236268E+04  0.443439E-03  0.105088E+05  0.696375E-07  -98.13 -168.19 -153.41   59.46  -98.13 -175.11
 8.1800  0.484825E+04  0.836324E-04  0.166141E+04  0.149660E-02  0.969609E+04  0.162103E-06 -105.72 -127.71 -139.74   -9.58 -105.72    7.24
 8.2000  0.439235E+04  0.716651E-03  0.122707E+04  0.943093E-03  0.878448E+04  0.708346E-07 -113.06  -36.53 -138.22  -26.82 -113.06  175.05
 8.2200  0.384783E+04  0.301546E-03  0.956796E+03  0.578829E-03  0.769561E+04  0.528648E-07 -119.90   52.50 -141.42  147.38 -119.90  105.47
 8.2400  0.314471E+04  0.725289E-03  0.769583E+03  0.101710E-02  0.628961E+04  0.537494E-07 -125.93  -79.83 -146.80  175.02 -125.93 -143.89
 8.2600  0.215427E+04  0.512134E-03  0.627631E+03  0.200427E-03  0.430906E+04  0.459150E-07 -130.48   38.85 -153.38  154.75 -130.48  -51.32
 8.2800  0.583534E+03  0.258542E-03  0.511721E+03  0.375707E-03  0.116803E+04  0.810305E-07 -131.81  135.54 -160.68  143.76 -131.81 -113.68
 8.3000  0.226250E+04  0.244255E-03  0.411196E+03  0.265837E-03  0.452303E+04  0.524303E-07   52.02  -72.62 -168.47 -157.95   52.02 -165.10
 8.3200  0.753210E+04  0.365742E-03  0.319327E+03  0.625155E-03  0.150605E+05  0.265371E-07   72.45  -80.15 -176.57 -115.31   72.45 -107.06
 8.3400  0.112579E+05  0.311065E-04  0.230451E+03  0.116120E-03  0.225115E+05  0.104031E-07  107.52 -121.59  175.20 -173.75  107.52  153.41
 8.3600  0.101719E+05  0.103491E-03  0.139137E+03  0.251854E-03  0.203408E+05  0.384410E-07  126.12  -82.36  166.93   23.45  126.12  -92.84
 8.3800  0.872510E+04  0.139817E-03  0.391823E+02  0.201047E-03  0.174479E+05  0.505705E-07  129.87   14.15  157.73  177.33  129.88  -92.71
 8.4000  0.769119E+04  0.214837E-03  0.777037E+02  0.326999E-03  0.153805E+05  0.147003E-07  127.53   21.09  -26.54 -167.03  127.53   14.77
