Nb de frequency :    50
 0.1000
  0.494351E-01 -0.110595E-08 -0.833867E-04  0.686850E-09  0.152742E+00  0.640284E-10
  0.506407E-09  0.496155E-01  0.910950E-09 -0.153634E+00  0.337604E-09  0.317703E-06
  0.102997E-04  0.624418E-04  0.301565E+03  0.179863E-03 -0.671387E-04  0.667572E-06
 -0.159489E-08 -0.152350E+00 -0.867294E-09  0.473121E+00 -0.135042E-08  0.456968E-04
  0.152493E+00  0.122236E-09 -0.508288E-03  0.637956E-08  0.473090E+00  0.675209E-09
  0.952127E-13 -0.743803E-06  0.852651E-14  0.248681E-05 -0.392220E-12  0.644474E-05
 0.1388
  0.490760E+00  0.226178E-09  0.128942E-03 -0.814242E-08  0.152172E+01 -0.258490E-09
  0.791624E-08  0.490516E+00 -0.714077E-08 -0.152081E+01  0.581601E-08  0.422702E-04
  0.449979E-04 -0.123744E-04  0.785414E+03  0.128376E-02  0.127053E-04 -0.264693E-05
 -0.710846E-08 -0.151730E+01 -0.827167E-08  0.470112E+01  0.121490E-07 -0.387437E-04
  0.151744E+01 -0.100811E-07 -0.130103E-02 -0.281754E-07  0.470290E+01 -0.115028E-07
  0.113594E-11  0.531487E-05  0.000000E+00  0.546420E-05 -0.353404E-11 -0.126612E-04
 0.1776
  0.272600E+01  0.396857E-08 -0.406823E-03 -0.109136E-06  0.847371E+01 -0.254650E-07
  0.127325E-07  0.272649E+01 -0.926001E-08 -0.847859E+01  0.945844E-07  0.946498E-04
 -0.115142E-03  0.196418E-03  0.158929E+04  0.820214E-02  0.203733E-02 -0.406382E-05
 -0.582058E-07 -0.844995E+01  0.146507E-06  0.262737E+02  0.396857E-07  0.184727E-03
  0.844909E+01 -0.241422E-07 -0.174480E-02  0.209012E-06  0.262655E+02 -0.277800E-07
 -0.141297E-11  0.570607E-05  0.433982E-12 -0.136273E-04 -0.141297E-11 -0.458412E-04
 0.2163
  0.107374E+02  0.241764E-07 -0.413335E-03  0.515763E-07  0.334601E+02  0.322352E-08
  0.821997E-07  0.107378E+02 -0.471439E-07 -0.334643E+02 -0.773644E-07 -0.354176E-03
  0.437367E-03  0.367223E-04  0.275356E+04 -0.114045E-02 -0.607362E-03  0.660176E-05
 -0.225646E-07 -0.333675E+02 -0.273999E-07  0.103991E+03 -0.264328E-06 -0.307857E-03
  0.333655E+02  0.207917E-06 -0.371006E-02  0.128941E-05  0.103990E+03  0.000000E+00
  0.206585E-11  0.440909E-05  0.491870E-13 -0.205797E-04 -0.846016E-11 -0.161132E-03
 0.2551
  0.335809E+02  0.315509E-06  0.934881E-03 -0.919919E-06  0.104964E+03 -0.323112E-06
  0.266092E-07  0.335791E+02  0.969336E-07 -0.104962E+03 -0.364926E-06 -0.505353E-03
  0.996492E-03  0.223822E-03  0.428828E+04 -0.346437E-02 -0.249123E-03  0.194627E-05
 -0.570197E-06 -0.104666E+03 -0.775469E-06  0.327151E+03  0.149012E-05 -0.363406E-03
  0.104671E+03  0.136467E-05 -0.172169E-02 -0.100355E-05  0.327170E+03  0.684237E-06
  0.116007E-11  0.372342E-05  0.681541E-12 -0.848199E-04  0.372382E-10  0.964996E-04
 0.2939
  0.889608E+02  0.867065E-06 -0.179859E-03  0.402879E-06  0.279079E+03 -0.613076E-06
 -0.551769E-06  0.889604E+02 -0.766345E-06 -0.279064E+03 -0.266250E-05 -0.365304E-03
  0.937201E-03 -0.623306E-03  0.617229E+04 -0.554249E-02  0.936304E-02  0.448422E-05
  0.285518E-05 -0.278313E+03 -0.262747E-06  0.873081E+03 -0.511481E-05  0.594903E-03
  0.278304E+03 -0.204943E-05 -0.457796E-02 -0.115609E-04  0.873044E+03  0.147138E-05
 -0.294008E-11 -0.964954E-05  0.147004E-11  0.589636E-04  0.128294E-10  0.855335E-04
 0.3327
  0.207988E+03 -0.277587E-06 -0.730372E-03 -0.606727E-05  0.655133E+03  0.555175E-06
 -0.674141E-06  0.207988E+03  0.981469E-06 -0.655126E+03 -0.448105E-05  0.323270E-03
  0.138064E-02 -0.400360E-03  0.835519E+04 -0.134003E-02 -0.576620E-02 -0.177656E-04
  0.226035E-05 -0.653382E+03 -0.737589E-05  0.205802E+04  0.266484E-04  0.980617E-03
  0.653363E+03  0.178449E-05 -0.224893E-02 -0.348967E-05  0.205798E+04  0.475864E-05
  0.145222E-10  0.276536E-04  0.158837E-11 -0.253115E-04  0.107706E-09  0.562364E-03
 0.3714
  0.441058E+03 -0.929832E-06 -0.362688E-02 -0.165599E-04  0.139568E+04 -0.309944E-05
 -0.504766E-05  0.441063E+03  0.768219E-05 -0.139570E+04 -0.380789E-05  0.411075E-03
 -0.115618E-02  0.343312E-02  0.107617E+05 -0.470067E-01 -0.258440E-02  0.396729E-04
  0.619888E-05 -0.139198E+04 -0.159400E-05  0.440469E+04  0.449862E-04 -0.159909E-02
  0.139199E+04 -0.140803E-04  0.803517E-02  0.956399E-05  0.440475E+04 -0.111580E-04
 -0.574281E-11  0.116737E-03 -0.152016E-11 -0.378142E-03 -0.101344E-10 -0.123881E-03
 0.4102
  0.864679E+03  0.146700E-05  0.587819E-02 -0.140832E-04  0.275021E+04  0.391201E-05
 -0.728612E-05  0.864680E+03 -0.229831E-05 -0.275021E+04  0.187777E-04  0.173190E-02
  0.101399E-02  0.116734E-02  0.132976E+05  0.478204E-01 -0.570841E-02  0.625922E-05
 -0.352081E-05 -0.274312E+04 -0.134964E-04  0.872476E+04  0.367729E-04 -0.935098E-02
  0.274310E+04 -0.293401E-04  0.164547E-01 -0.375553E-04  0.872473E+04 -0.203425E-04
  0.138972E-10  0.491969E-04 -0.111924E-11  0.174827E-03 -0.602522E-10  0.133308E-03
 0.4490
  0.158927E+04  0.115609E-04  0.538308E-02  0.697934E-04  0.508343E+04 -0.899179E-05
 -0.224795E-05  0.158927E+04 -0.150934E-04 -0.508349E+04  0.389644E-04  0.267827E-02
 -0.337064E-02 -0.441882E-03  0.158579E+05 -0.201416E-02 -0.165517E-01  0.685088E-04
 -0.154145E-04 -0.507059E+04 -0.398208E-04  0.162188E+05 -0.145581E-04  0.409201E-02
  0.507058E+04  0.366094E-04  0.611270E-02 -0.114752E-03  0.162188E+05 -0.308290E-04
  0.408345E-11  0.113835E-03  0.000000E+00  0.112345E-03  0.150271E-09  0.615291E-03
 0.4878
  0.276744E+04 -0.174435E-05 -0.981487E-03 -0.348870E-04  0.890650E+04  0.227928E-04
 -0.165132E-04  0.276744E+04  0.481440E-04 -0.890651E+04 -0.178156E-03 -0.506111E-02
 -0.702577E-02 -0.606568E-03  0.183330E+05 -0.427203E-02 -0.202437E-02  0.744255E-04
  0.325612E-04 -0.888466E+04 -0.148851E-04  0.285938E+05  0.364685E-03  0.106612E-01
  0.888465E+04  0.837287E-04  0.111341E-01  0.111638E-04  0.285936E+05 -0.316308E-04
 -0.148610E-10  0.553274E-04  0.000000E+00 -0.251655E-03  0.496844E-10  0.488289E-03
 0.5265
  0.460262E+04 -0.903850E-05 -0.859661E-03  0.321369E-04  0.149117E+05 -0.246048E-04
 -0.848614E-04  0.460262E+04  0.243537E-04 -0.149117E+05 -0.743165E-04 -0.421784E-02
 -0.192821E-03  0.489686E-02  0.206182E+05  0.284733E-01  0.133689E-01  0.803422E-05
 -0.126539E-03 -0.148762E+05 -0.286219E-04  0.481964E+05 -0.923935E-04  0.915148E-02
  0.148762E+05  0.130556E-03 -0.873721E-02 -0.461968E-03  0.481964E+05 -0.160684E-04
 -0.226868E-10 -0.123087E-03  0.191551E-11  0.215301E-03 -0.383101E-11 -0.873584E-03
 0.5653
  0.735713E+04 -0.760156E-04 -0.993702E-02 -0.229664E-03  0.240078E+05 -0.204865E-04
 -0.582247E-04  0.735715E+04 -0.636159E-04 -0.240077E+05  0.765547E-04 -0.135346E-02
 -0.545156E-02  0.414474E-02  0.226219E+05  0.338480E-01  0.234624E-01 -0.517553E-04
 -0.161735E-03 -0.239523E+05 -0.452859E-04  0.781611E+05 -0.720262E-03 -0.420027E-02
  0.239523E+05  0.733200E-04 -0.141033E-01 -0.172518E-03  0.781611E+05  0.474424E-04
 -0.411314E-11  0.271686E-03 -0.205657E-11 -0.159698E-02  0.131621E-09 -0.105937E-02
 0.6041
  0.113592E+05  0.103121E-03 -0.496826E-02  0.391746E-04  0.373531E+05 -0.230439E-04
  0.921755E-04  0.113592E+05 -0.131926E-03 -0.373531E+05 -0.117524E-03  0.713640E-02
 -0.479313E-02  0.548444E-03  0.242643E+05 -0.867925E-01 -0.137157E-01 -0.645229E-04
 -0.308788E-03 -0.372701E+05 -0.109458E-03  0.122558E+06 -0.387137E-03  0.680025E-02
  0.372701E+05 -0.599141E-04 -0.377643E-01  0.903320E-03  0.122558E+06  0.285744E-03
 -0.604350E-10  0.249997E-03 -0.659291E-11 -0.858563E-03 -0.879054E-11  0.966214E-03
 0.6429
  0.170079E+05  0.858307E-04  0.540979E-02  0.480652E-03  0.563889E+05  0.122615E-04
 -0.116485E-03  0.170079E+05  0.236647E-03 -0.563889E+05  0.259944E-03 -0.510325E-02
  0.423758E-02 -0.547355E-02  0.254908E+05  0.483595E-01  0.000000E+00 -0.784738E-04
  0.171661E-03 -0.562680E+05 -0.500270E-03  0.186554E+06  0.158909E-02  0.236893E-02
  0.562680E+05  0.747953E-03  0.292707E-01 -0.529698E-03  0.186554E+06 -0.304086E-03
  0.350805E-10  0.552990E-03  0.116935E-11 -0.418587E-03  0.191773E-09  0.107274E-03
 0.6816
  0.247723E+05  0.401734E-03 -0.736383E-02  0.239220E-03  0.828494E+05 -0.221019E-03
 -0.728062E-04  0.247724E+05  0.572049E-04 -0.828495E+05 -0.499243E-03  0.337054E-02
  0.540846E-02 -0.351550E-02  0.262653E+05  0.236100E-01  0.284568E-01  0.728062E-04
 -0.234020E-03 -0.826790E+05  0.270423E-03  0.276514E+06 -0.445158E-02 -0.735083E-02
  0.826790E+05  0.416036E-04 -0.483017E-01  0.132091E-02  0.276514E+06 -0.832071E-04
  0.449457E-11  0.726446E-04 -0.464956E-11 -0.714886E-03  0.193422E-09 -0.175250E-03
 0.7204
  0.351873E+05 -0.184125E-03 -0.239748E-01 -0.741998E-03  0.118770E+06  0.170385E-03
  0.302295E-04  0.351873E+05  0.295425E-03 -0.118770E+06  0.417717E-03 -0.474741E-02
 -0.993727E-02  0.127514E-02  0.265775E+05  0.881603E-02 -0.427391E-01  0.439702E-04
  0.118720E-02 -0.118536E+06  0.231943E-02  0.400101E+06 -0.430908E-02 -0.979437E-02
  0.118536E+06  0.106078E-02 -0.111245E-01  0.197866E-03  0.400100E+06 -0.219851E-04
 -0.895996E-10  0.319783E-03  0.524166E-11  0.485150E-03  0.733832E-09  0.124459E-02
 0.7592
  0.488327E+05  0.408344E-03  0.153723E-01 -0.145382E-02  0.166433E+06  0.220100E-03
  0.695053E-04  0.488327E+05 -0.133219E-03 -0.166432E+06 -0.156966E-02 -0.786424E-02
  0.625548E-02  0.922104E-02  0.264367E+05  0.508779E-01 -0.246512E-01  0.115842E-04
 -0.179555E-02 -0.166119E+06 -0.695053E-04  0.566170E+06 -0.278021E-03  0.735598E-02
  0.166119E+06  0.150595E-03  0.261340E-01 -0.196932E-02  0.566170E+06 -0.741390E-03
 -0.410832E-10 -0.101535E-02 -0.207142E-10  0.320140E-02  0.220952E-10  0.435989E-03
 0.7980
  0.663090E+05 -0.423112E-03  0.116889E-01  0.267870E-03  0.228308E+06 -0.803609E-03
 -0.438332E-03  0.663091E+05  0.608795E-04 -0.228308E+06 -0.258129E-02 -0.133326E-02
  0.185074E-02  0.230124E-02  0.258760E+05 -0.379401E-01  0.837701E-02  0.487036E-04
 -0.175333E-02 -0.227896E+06  0.136979E-02  0.784667E+06 -0.555221E-02 -0.301110E-01
  0.227896E+06 -0.730553E-03 -0.749061E-01  0.301962E-02  0.784667E+06 -0.214296E-02
  0.914432E-10 -0.906445E-03  0.187785E-10  0.462036E-02 -0.377385E-10 -0.242399E-03
 0.8367
  0.881817E+05  0.670297E-03  0.773714E-02  0.103417E-02  0.306859E+06  0.880962E-03
 -0.446865E-03  0.881817E+05 -0.309613E-03 -0.306859E+06  0.357492E-02 -0.810740E-02
  0.551559E-02 -0.103992E-01  0.249359E+05 -0.127803E+00  0.817124E-03 -0.255351E-04
 -0.740518E-03 -0.306336E+06 -0.353661E-02  0.106601E+07  0.326849E-02  0.105971E-02
  0.306336E+06 -0.331957E-03  0.636335E-01  0.137890E-02  0.106601E+07  0.214495E-02
 -0.547924E-10  0.542797E-04 -0.228302E-10  0.367399E-03 -0.228302E-09  0.192735E-02
 0.8755
  0.114921E+06 -0.133592E-02  0.100194E-01  0.000000E+00  0.404366E+06  0.547728E-03
  0.574447E-03  0.114921E+06  0.427495E-03 -0.404366E+06  0.427495E-03 -0.179715E-01
 -0.101530E-02  0.686664E-02  0.236801E+05  0.248214E-01 -0.242604E-01  0.667961E-04
 -0.641243E-02 -0.403713E+06 -0.440854E-02  0.142053E+07 -0.689336E-02 -0.245676E-01
  0.403712E+06 -0.304590E-02  0.260772E-01 -0.838959E-02  0.142053E+07  0.160311E-02
 -0.222956E-09  0.504993E-03 -0.127404E-10 -0.178522E-02  0.955526E-09  0.191544E-02
 0.9143
  0.146810E+06  0.188337E-03  0.267857E-02  0.357143E-02  0.522555E+06  0.139509E-02
  0.139509E-03  0.146810E+06  0.199847E-02 -0.522555E+06 -0.463170E-02 -0.174735E-02
 -0.172991E-02  0.702427E-02  0.221723E+05  0.506696E-01 -0.680804E-02  0.837054E-04
 -0.127790E-01 -0.521759E+06  0.309710E-02  0.185714E+07 -0.344866E-01 -0.175502E-01
  0.521758E+06  0.585938E-02  0.105692E+00  0.976562E-02  0.185714E+07 -0.133929E-02
  0.648600E-10 -0.887340E-03 -0.631969E-10  0.508229E-02 -0.189591E-09  0.311728E-02
 0.9531
  0.183849E+06 -0.305394E-03  0.564251E-02 -0.104706E-02  0.662240E+06  0.581702E-03
  0.581702E-04  0.183849E+06  0.298122E-03 -0.662240E+06 -0.503173E-02 -0.111469E-01
 -0.692226E-02 -0.196470E-01  0.204790E+05  0.594791E-01  0.604970E-01  0.174511E-03
  0.267583E-02 -0.661296E+06 -0.465362E-02  0.238204E+07 -0.243152E-01 -0.298122E-01
  0.661296E+06 -0.290851E-02  0.668958E-01  0.231518E-01  0.238204E+07 -0.372290E-02
 -0.970821E-10 -0.215447E-02  0.632767E-10  0.898208E-02  0.124820E-09  0.627574E-03
 0.9918
  0.225669E+06  0.178584E-02  0.835409E-02  0.184638E-02  0.822964E+06 -0.211879E-03
 -0.124101E-02  0.225670E+06  0.202042E-02 -0.822964E+06  0.429812E-02 -0.116609E-01
  0.224592E-01 -0.475215E-02  0.186664E+05  0.248201E-01  0.208247E-01 -0.605369E-04
 -0.599315E-02 -0.821863E+06  0.272416E-03  0.299714E+07 -0.210668E-01  0.570258E-01
  0.821863E+06  0.236094E-02  0.116231E-01  0.370486E-01  0.299714E+07 -0.411651E-02
  0.577325E-10 -0.749713E-04 -0.360828E-11  0.262024E-02 -0.721656E-10 -0.252791E-02
 1.0306
  0.271447E+06 -0.833472E-03  0.811456E-02  0.440325E-03  0.100254E+07 -0.396293E-02
  0.361696E-02  0.271447E+06 -0.150182E-02 -0.100254E+07  0.167638E-01  0.249255E-02
  0.562987E-02  0.768996E-02  0.168132E+05  0.700746E-01  0.000000E+00 -0.943554E-04
 -0.128323E-01 -0.100129E+07 -0.176130E-02  0.369807E+07  0.200033E-01  0.235888E-01
  0.100129E+07  0.547261E-02 -0.150969E-01  0.138388E-02  0.369807E+07 -0.452906E-02
 -0.262454E-09 -0.433205E-02 -0.187467E-10  0.172401E-01 -0.824856E-09  0.128430E-02
 1.0694
  0.319906E+06  0.303507E-02 -0.261081E-02  0.434047E-02  0.119700E+07 -0.254554E-02
  0.522162E-02  0.319906E+06  0.217839E-02 -0.119700E+07 -0.499317E-02 -0.103943E-01
  0.773452E-02  0.380607E-02  0.149546E+05 -0.383626E-01  0.298285E-01 -0.489527E-04
  0.665757E-02 -0.119564E+07  0.838723E-02  0.447376E+07 -0.143595E-02  0.438616E-01
  0.119563E+07 -0.118792E-01 -0.201032E-01 -0.424257E-01  0.447376E+07  0.000000E+00
 -0.239503E-09 -0.416588E-02 -0.505753E-10  0.160051E-01  0.122548E-08 -0.420647E-03
 1.1082
  0.369379E+06  0.169092E-03 -0.194794E-01  0.476840E-02  0.140070E+07  0.189383E-02
  0.240111E-02  0.369379E+06  0.406667E-02 -0.140070E+07  0.446404E-02  0.210858E-01
 -0.409203E-02 -0.718642E-04  0.131308E+05  0.890017E-01  0.798116E-02  0.676369E-04
 -0.125805E-01 -0.139922E+07  0.436258E-02  0.530590E+07  0.294897E-01  0.181943E-01
  0.139922E+07  0.165034E-01 -0.616849E-01 -0.136627E-01  0.530589E+07 -0.514041E-02
 -0.635461E-09  0.259657E-02 -0.201574E-10 -0.879236E-02  0.116106E-08  0.224299E-02
 1.1469
  0.417933E+06 -0.605531E-02 -0.525027E-02  0.203010E-02  0.160655E+07  0.210011E-03
 -0.280014E-02  0.417933E+06  0.125131E-02 -0.160655E+07 -0.665034E-02  0.213511E-02
 -0.906547E-02 -0.831293E-03  0.114352E+05  0.772490E-01 -0.336717E-01  0.105005E-03
  0.127407E-01 -0.160501E+07 -0.283515E-02  0.616977E+07  0.173609E-01 -0.446623E-01
  0.160501E+07  0.294015E-02 -0.700036E-01  0.162408E-01  0.616977E+07 -0.243612E-01
  0.417254E-10  0.171113E-02 -0.208627E-11 -0.776868E-02 -0.217807E-08  0.520963E-02
 1.1857
  0.463585E+06 -0.528303E-02  0.246059E-02 -0.133885E-01  0.180696E+07  0.202637E-02
  0.202637E-02  0.463585E+06  0.154691E-02 -0.180696E+07 -0.336522E-02 -0.138408E-01
 -0.513829E-02  0.113350E-01  0.984272E+04  0.575163E-01 -0.185268E-01  0.361851E-04
 -0.665806E-02 -0.180540E+07 -0.611529E-02  0.703709E+07 -0.953840E-01  0.890154E-02
  0.180540E+07 -0.853969E-02  0.752651E-02  0.853969E-02  0.703709E+07  0.521066E-02
  0.258816E-10 -0.128251E-02  0.539200E-11  0.418351E-02  0.116467E-09  0.101037E-01
 1.2245
  0.504525E+06 -0.519422E-02 -0.351264E-02  0.277274E-01  0.199449E+07 -0.254106E-02
 -0.366211E-02  0.504525E+06 -0.140132E-02 -0.199449E+07  0.538106E-02 -0.493264E-02
  0.713738E-02 -0.149007E-02  0.835755E+04 -0.404514E-02  0.159937E-01 -0.186842E-04
 -0.134526E-01 -0.199296E+07 -0.175632E-02  0.787859E+07  0.393116E-01 -0.859475E-02
  0.199296E+07  0.134526E-01 -0.391621E-01 -0.953643E-01  0.787860E+07 -0.209263E-01
 -0.124731E-09 -0.998771E-02 -0.100230E-10  0.401051E-01  0.239661E-08  0.529122E-02
 1.2633
  0.539324E+06  0.366242E-02 -0.285283E-02 -0.320365E-01  0.216276E+07 -0.647670E-02
 -0.424070E-02  0.539324E+06 -0.202397E-03 -0.216276E+07 -0.203939E-01  0.701643E-02
  0.755615E-02  0.625503E-02  0.703816E+04  0.272802E-01  0.214348E-01  0.134931E-03
 -0.283741E-01 -0.216128E+07  0.112571E-01  0.866713E+07  0.133081E+00 -0.380121E-01
  0.216128E+07  0.132618E-01 -0.545893E-01  0.400939E-01  0.866713E+07 -0.863560E-02
  0.542296E-09  0.707081E-02 -0.344680E-10 -0.275601E-01  0.257361E-09 -0.109648E-01
 1.3020
  0.567025E+06 -0.476822E-03 -0.516557E-02 -0.508610E-02  0.230695E+07  0.317881E-02
  0.373510E-02  0.567025E+06  0.119205E-03 -0.230695E+07 -0.143841E-01  0.514570E-02
  0.254305E-02 -0.534934E-02  0.590457E+04  0.167384E-01  0.278941E-01 -0.596027E-04
 -0.168477E-01 -0.230558E+07 -0.198676E-03  0.938046E+07 -0.106172E+00 -0.205033E-01
  0.230558E+07  0.905961E-02 -0.165298E-01  0.116503E+00  0.938046E+07  0.184371E-01
  0.473680E-10  0.573481E-02  0.710520E-11 -0.228944E-01 -0.179998E-08 -0.153300E-01
 1.3408
  0.587224E+06  0.413277E-02  0.302797E-02 -0.108025E-01  0.242422E+07  0.491022E-03
 -0.491022E-03  0.587224E+06  0.243465E-02 -0.242422E+07  0.437418E-01 -0.107002E-01
  0.245511E-03 -0.567744E-02  0.488238E+04  0.430360E-01  0.100250E-01  0.204592E-04
  0.163674E-02 -0.242301E+07  0.491022E-03  0.100030E+08 -0.851104E-02 -0.170221E-01
  0.242301E+07 -0.491022E-03  0.458287E-01  0.126520E+00  0.100030E+08 -0.353536E-01
 -0.390229E-10 -0.305168E-02  0.487786E-11  0.144893E-01  0.103411E-08  0.843900E-02
 1.3796
  0.600008E+06 -0.463120E-03  0.303133E-02  0.000000E+00  0.251360E+07 -0.185248E-02
  0.141462E-01  0.600008E+06  0.118938E-02 -0.251360E+07 -0.641631E-01 -0.190932E-01
  0.715731E-03 -0.874402E-02  0.395910E+04  0.889401E-03  0.258926E-02  0.421018E-04
 -0.181880E-01 -0.251256E+07 -0.106518E-01  0.105260E+08  0.555744E-01  0.287976E-01
  0.251256E+07  0.976762E-02  0.323342E-01 -0.178512E-01  0.105260E+08 -0.175143E-01
 -0.200757E-09  0.732704E-02 -0.595997E-11 -0.299854E-01 -0.341287E-09 -0.258324E-01
 1.4184
  0.605859E+06  0.571364E-02  0.164484E-02 -0.510765E-02  0.257571E+07  0.173141E-03
 -0.207769E-02  0.605859E+06  0.898167E-03 -0.257571E+07  0.458822E-02 -0.140460E-01
  0.534571E-02 -0.595171E-03  0.321580E+04  0.156503E-01  0.610320E-02  0.000000E+00
 -0.245860E-01 -0.257483E+07 -0.115138E-01  0.109470E+08 -0.148555E+00 -0.346281E-02
  0.257483E+07 -0.110810E-01  0.346281E-03  0.493451E-01  0.109470E+08  0.297802E-01
 -0.371519E-09  0.152310E-01  0.657899E-10 -0.657120E-01  0.918478E-09  0.937636E-02
 1.4571
  0.605500E+06  0.293492E-02  0.315726E-02  0.853795E-02  0.261237E+07  0.337960E-02
 -0.889369E-03  0.605500E+06 -0.210114E-02 -0.261237E+07  0.124512E-01 -0.148969E-01
 -0.584760E-02  0.582259E-02  0.262334E+04 -0.285766E-01 -0.302830E-01 -0.389099E-04
  0.184989E-01 -0.261169E+07  0.422450E-02  0.112685E+08 -0.103878E+00 -0.297049E-01
  0.261169E+07  0.498047E-02  0.569196E-02  0.528285E-01  0.112685E+08  0.163644E-01
 -0.127225E-09 -0.168848E-01 -0.104365E-09  0.736676E-01 -0.479745E-09 -0.155407E-01
 1.4959
  0.599825E+06 -0.867384E-03  0.917601E-02  0.152249E-01  0.262624E+07 -0.803472E-02
 -0.109564E-02  0.599825E+06 -0.186031E-02 -0.262624E+07  0.114814E-01 -0.253368E-02
 -0.734994E-02 -0.122119E-02  0.209630E+04 -0.810890E-02 -0.351861E-01  0.570648E-05
 -0.913036E-02 -0.262577E+07  0.972383E-02  0.114972E+08  0.141338E+00  0.146086E-02
  0.262577E+07 -0.259302E-01  0.209998E-01  0.562430E-01  0.114972E+08  0.803472E-02
 -0.522443E-09  0.302718E-02  0.115645E-10 -0.125230E-01 -0.146121E-08  0.771183E-02
 1.5347
  0.589762E+06  0.468351E-02 -0.177974E-02 -0.768096E-02  0.262033E+07  0.580756E-02
 -0.384048E-02  0.589762E+06 -0.749362E-03 -0.262033E+07  0.317074E-01 -0.290378E-02
  0.257593E-03  0.152507E-02  0.162577E+04 -0.130333E-01 -0.153385E-02 -0.585439E-05
  0.142379E-01 -0.262006E+07  0.369998E-02  0.116416E+08 -0.608857E-01  0.112404E-01
  0.262006E+07  0.322226E-01 -0.187341E-01 -0.161769E+00  0.116416E+08  0.974171E-02
  0.000000E+00 -0.432549E-02  0.697898E-12  0.171112E-01 -0.963099E-09  0.100857E-01
 1.5735
  0.576236E+06 -0.244894E-02  0.768296E-02  0.977176E-02  0.259777E+07 -0.326526E-02
  0.307318E-02  0.576236E+06 -0.690266E-03 -0.259777E+07  0.103000E-01  0.825918E-02
 -0.412959E-02  0.165514E-02  0.123483E+04  0.541183E-02 -0.626041E-02  0.120046E-04
  0.192074E-02 -0.259764E+07 -0.163263E-02  0.117117E+08  0.141174E-01 -0.299635E-01
  0.259764E+07 -0.215123E-01  0.184391E-01 -0.989181E-02  0.117117E+08 -0.537807E-02
  0.365779E-08  0.202635E-01 -0.100174E-10 -0.919926E-01 -0.300809E-08 -0.553416E-02
 1.6122
  0.560052E+06 -0.693745E-02  0.787229E-03 -0.263230E-02  0.256149E+07  0.236169E-02
 -0.590422E-03  0.560052E+06 -0.123005E-04 -0.256149E+07  0.320304E-01  0.516619E-03
  0.774928E-03 -0.146990E-02  0.990144E+03 -0.124742E-01 -0.319197E-02  0.184507E-04
  0.133829E-01 -0.256150E+07 -0.787229E-03  0.117175E+08  0.375902E-01  0.318828E-01
  0.256150E+07 -0.192871E-01 -0.188935E-01 -0.191887E-01  0.117175E+08 -0.118084E-01
 -0.879797E-09 -0.198395E-03  0.326258E-10  0.403549E-02  0.835807E-09  0.137390E-01
 1.6510
  0.541931E+06  0.377889E-02  0.239329E-02  0.271828E-01  0.251434E+07 -0.342619E-02
  0.191464E-02  0.541930E+06  0.145802E-02 -0.251434E+07  0.478659E-02 -0.748219E-02
 -0.573131E-02  0.581161E-02  0.761132E+03  0.165248E-01 -0.411899E-01 -0.944721E-05
 -0.524005E-02 -0.251447E+07  0.199021E-02  0.116682E+08  0.517959E-01  0.272080E-01
  0.251447E+07  0.104801E-01  0.223710E-01 -0.206579E-01  0.116682E+08  0.104801E-01
 -0.672714E-09 -0.683998E-03 -0.108866E-10  0.543359E-02 -0.157742E-08 -0.374553E-02
 1.6898
  0.522506E+06 -0.123764E-02  0.175333E-02 -0.168887E-01  0.245872E+07 -0.144392E-02
 -0.330038E-02  0.522506E+06  0.493124E-03 -0.245872E+07  0.167082E-01 -0.701331E-02
 -0.751611E-02  0.176944E-02  0.554925E+03 -0.651173E-02 -0.401493E-01 -0.322303E-05
 -0.412548E-03 -0.245898E+07  0.103137E-02  0.115730E+08  0.143360E-01  0.480618E-01
  0.245898E+07 -0.123764E-02  0.299097E-02 -0.198023E-01  0.115730E+08  0.156768E-01
  0.614744E-10  0.857163E-02  0.146002E-10 -0.398671E-01 -0.118031E-08 -0.903975E-02
 1.7286
  0.502297E+06 -0.316511E-02  0.131880E-03  0.236988E-01  0.239674E+07 -0.801828E-02
  0.464216E-02  0.502297E+06 -0.270353E-03 -0.239675E+07 -0.407508E-01  0.147705E-02
 -0.106822E-02 -0.128747E-02  0.388168E+03  0.844111E-02 -0.109889E-01 -0.131880E-04
 -0.160366E-01 -0.239706E+07 -0.156937E-02  0.114400E+08  0.432565E-01 -0.377703E-01
  0.239706E+07  0.105504E-01  0.255319E-01  0.295410E-01  0.114400E+08  0.202567E-01
 -0.534523E-09  0.102304E-01  0.345868E-10 -0.472847E-01 -0.586403E-08  0.233492E-02
 1.7673
  0.481718E+06  0.485416E-03  0.889930E-03 -0.504294E-01  0.233018E+07 -0.129444E-02
  0.204954E-02  0.481718E+06 -0.775318E-04 -0.233018E+07  0.157895E-01  0.121893E-01
  0.134838E-03 -0.113180E-02  0.285112E+03 -0.468814E-02  0.923639E-03  0.337095E-05
 -0.431481E-02 -0.233049E+07  0.404514E-04  0.112761E+08  0.105659E+00 -0.366759E-02
  0.233049E+07  0.129444E-01  0.323611E-02 -0.975147E-01  0.112761E+08 -0.207111E-01
  0.675105E-09 -0.175493E-01 -0.522403E-10  0.887897E-01  0.794052E-09  0.218348E-02
 1.8061
  0.461085E+06 -0.104725E-02 -0.757879E-03  0.104450E-01  0.226046E+07  0.286616E-02
  0.110237E-02  0.461085E+06  0.415111E-03 -0.226046E+07  0.222679E-01  0.733076E-02
  0.125395E-02 -0.250617E-03  0.199840E+03  0.474406E-02  0.103967E-01  0.103347E-04
 -0.573232E-02 -0.226076E+07 -0.771659E-03  0.110878E+08 -0.330160E-01 -0.143308E-02
  0.226076E+07 -0.440948E-03 -0.101418E-01  0.195064E+00  0.110878E+08  0.123465E-01
 -0.127470E-08  0.106143E-01  0.340852E-10 -0.516939E-01 -0.407051E-08 -0.457323E-02
 1.8449
  0.440641E+06  0.281509E-03  0.872678E-03 -0.262155E-01  0.218893E+07  0.675622E-03
 -0.213947E-02  0.440641E+06 -0.133717E-03 -0.218893E+07 -0.617912E-02 -0.323735E-02
 -0.126679E-02  0.434580E-03  0.103897E+03  0.928375E-02 -0.749518E-02  0.000000E+00
  0.720663E-02 -0.218914E+07 -0.422264E-03  0.108795E+08  0.738680E-01 -0.144133E-01
  0.218913E+07  0.765705E-02  0.114856E-01  0.664361E-02  0.108795E+08 -0.261240E-01
  0.449684E-09 -0.671276E-02 -0.293637E-11  0.347754E-01  0.395655E-08 -0.954804E-04
 1.8837
  0.420595E+06 -0.126467E-02  0.445510E-03 -0.983715E-02  0.211650E+07 -0.448384E-02
 -0.287426E-02  0.420595E+06 -0.179641E-03 -0.211650E+07  0.312144E-01 -0.319043E-02
 -0.998805E-03 -0.123234E-02  0.210573E+02  0.204701E-02 -0.591760E-02 -0.359282E-05
  0.257533E-01 -0.211667E+07 -0.395210E-03  0.106560E+08 -0.493223E-01 -0.275929E-02
  0.211667E+07  0.252935E-02 -0.689822E-02  0.130779E-01  0.106560E+08  0.551857E-02
 -0.616749E-10  0.475018E-02 -0.539655E-10 -0.222068E-01  0.804515E-08 -0.110986E-02
 1.9224
  0.401066E+06 -0.328544E-02  0.247874E-02 -0.577151E-02  0.204396E+07 -0.363745E-02
  0.000000E+00  0.401065E+06 -0.163172E-03 -0.204396E+07  0.491349E-01  0.636553E-02
  0.267308E-02  0.210840E-04 -0.362185E+02 -0.755875E-02  0.170624E-01  0.000000E+00
 -0.375478E-01 -0.204405E+07 -0.159872E-02  0.104210E+08 -0.554417E-01  0.278089E-01
  0.204405E+07 -0.114990E-01  0.170725E-01 -0.881201E-01  0.104210E+08  0.168965E-01
 -0.419630E-10 -0.875565E-02  0.187959E-10  0.476554E-01  0.120993E-08 -0.781873E-02
 1.9612
  0.382205E+06  0.718222E-03  0.241652E-02  0.629940E-02  0.197193E+07 -0.299259E-02
 -0.131674E-02  0.382205E+06 -0.169268E-03 -0.197193E+07  0.108481E-01 -0.149630E-03
  0.774333E-03  0.352097E-03 -0.255637E+02  0.610299E-02  0.763345E-04  0.467592E-05
 -0.766103E-02 -0.197187E+07  0.134667E-03  0.101776E+08  0.470136E-01  0.514726E-02
  0.197187E+07 -0.138856E-01 -0.173570E-02  0.430933E-02  0.101776E+08  0.354323E-01
 -0.148406E-08 -0.448231E-02 -0.379041E-11  0.255189E-01  0.403300E-08  0.529748E-03
 2.0000
  0.364030E+06 -0.360107E-02 -0.265503E-02 -0.215225E-01  0.190082E+07 -0.366211E-03
 -0.488281E-03  0.364030E+06  0.290871E-03 -0.190082E+07  0.170860E-01 -0.466919E-02
 -0.255585E-03 -0.274181E-03 -0.105469E+02 -0.485003E-02 -0.623518E-02 -0.381470E-05
  0.166016E-01 -0.190040E+07  0.427246E-03  0.992894E+07 -0.161163E+00  0.196533E-01
  0.190040E+07 -0.976562E-03 -0.802612E-02  0.158051E+00  0.992893E+07  0.781250E-02
  0.727596E-10 -0.274652E-02 -0.136424E-11  0.157619E-01 -0.125146E-08 -0.559676E-02
