          50           8           6           6           0
 --- Force ---
           1           1           1
           2           1           2
           3           1           3
           4           1           4
           5           1           5
           6           1           6
 --- Motion ---
           1           1           1
           2           1           2
           3           1           3
           4           1           4
           5           1           5
           6           1           6
   0.00000000      0.897597909       1.79519582       2.69279385       3.59039164       4.48798943       5.38558769       6.28318548    
  0.100000001      0.138775513      0.177551031      0.216326535      0.255102038      0.293877542      0.332653046      0.371428579      0.410204083      0.448979586      0.487755090      0.526530623      0.565306127      0.604081631      0.642857194      0.681632698      0.720408201      0.759183705      0.797959208      0.836734712      0.875510216      0.914285719      0.953061223      0.991836786       1.03061223       1.06938779       1.10816324       1.14693880       1.18571436       1.22448981       1.26326537       1.30204082       1.34081638       1.37959182       1.41836739       1.45714283       1.49591839       1.53469384       1.57346940       1.61224484       1.65102041       1.68979597       1.72857141       1.76734686       1.80612242       1.84489799       1.88367355       1.92244887       1.96122444       2.00000000    

