VARIABLES="Frequency (rad/s)" "|Fx| (N/m)" "|Fy| (N/m)" "|Fz| (N/m)" "|Cx| (N)" "|Cy| (N)" "|Cz| (N)" "ang(Fx) (°)" "ang(Fy) (°)" "ang(Fz) (°)" "ang(Cx) (°)" "ang(Cy) (°)" "ang(Cz) (°)"
Zone t="Corps  1"
Zone t="Excitation force - beta =   0.000 deg",I=   308,F=POINT
 0.0300  0.866673E+02  0.979563E-01  0.623424E+06  0.429327E+00  0.306900E+03  0.500909E-08  -90.00 -180.00   -0.00   -0.00  -90.00 -179.72
 0.0600  0.346548E+03  0.233733E+00  0.622676E+06  0.205304E+00  0.122702E+04  0.512213E-08  -90.00   -0.00   -0.00  180.00  -90.00  179.69
 0.0900  0.779274E+03  0.806607E-01  0.621422E+06  0.133291E+00  0.275864E+04  0.616555E-08  -90.00  180.00   -0.00 -179.99  -90.00   -0.55
 0.1200  0.138424E+04  0.107116E+00  0.619655E+06  0.270739E-01  0.489885E+04  0.140934E-07  -90.00  179.99   -0.00   -0.01  -90.00 -179.75
 0.1500  0.216059E+04  0.881400E-01  0.617364E+06  0.220781E+00  0.764361E+04  0.123492E-07  -90.00   -0.01   -0.01   -0.00  -90.00   -1.31
 0.1800  0.310720E+04  0.267566E-01  0.614547E+06  0.206146E+00  0.109877E+05  0.962113E-08  -90.00 -179.97   -0.02    0.05  -90.00  175.34
 0.2100  0.422275E+04  0.636292E-01  0.611196E+06  0.776932E+00  0.149247E+05  0.578325E-08  -90.00    0.04   -0.04  179.98  -90.00   -0.88
 0.2400  0.550561E+04  0.868499E-01  0.607308E+06  0.734372E+00  0.194473E+05  0.274000E-08  -90.00 -179.92   -0.06    0.03  -90.00 -156.47
 0.2700  0.695392E+04  0.102596E+00  0.602885E+06  0.548444E-01  0.245465E+05  0.801531E-08  -90.00    0.00   -0.10 -179.88  -90.00    6.27
 0.3000  0.856554E+04  0.114104E+00  0.597932E+06  0.375082E+00  0.302124E+05  0.739391E-08  -90.00   -0.06   -0.15 -179.87  -90.00 -179.72
 0.3300  0.103380E+05  0.316581E+00  0.592456E+06  0.769628E+00  0.364342E+05  0.769757E-08  -90.00   -0.10   -0.21  179.96  -90.00   -5.97
 0.3600  0.122688E+05  0.570046E-01  0.586472E+06  0.144803E+01  0.431996E+05  0.425173E-08  -90.00    0.10   -0.30    0.01  -90.00    7.06
 0.3900  0.143549E+05  0.956805E-01  0.579992E+06  0.461548E+00  0.504949E+05  0.608197E-08  -90.00   -0.60   -0.41  179.79  -90.00   55.64
 0.4200  0.165930E+05  0.939223E-01  0.573041E+06  0.280601E+00  0.583056E+05  0.410236E-08  -89.99 -179.04   -0.54  179.94  -89.99  158.27
 0.4500  0.189796E+05  0.272267E+00  0.565639E+06  0.366727E+00  0.666158E+05  0.924693E-08  -89.99    0.08   -0.71  179.32  -89.99 -170.96
 0.4800  0.215108E+05  0.265518E-01  0.557814E+06  0.958082E-01  0.754081E+05  0.505650E-08  -89.98 -178.03   -0.90 -172.23  -89.98  -83.79
 0.5100  0.241822E+05  0.112360E+00  0.549600E+06  0.258181E+00  0.846638E+05  0.131595E-07  -89.98   -2.05   -1.14   -1.70  -89.98   46.93
 0.5400  0.269896E+05  0.267873E-01  0.541025E+06  0.102085E+01  0.943632E+05  0.887546E-08  -89.97    1.51   -1.40 -179.67  -89.97 -115.26
 0.5700  0.299274E+05  0.173891E+00  0.532125E+06  0.473493E+00  0.104484E+06  0.128228E-07  -89.96 -179.63   -1.71    0.19  -89.96   -8.52
 0.6000  0.329907E+05  0.985764E-02  0.522938E+06  0.401184E+00  0.115004E+06  0.337690E-08  -89.95 -172.70   -2.07 -179.79  -89.95   15.70
 0.6300  0.361730E+05  0.160596E+00  0.513499E+06  0.163350E+00  0.125898E+06  0.737785E-08  -89.93   -0.23   -2.47 -176.16  -89.93   62.47
 0.6600  0.394681E+05  0.108513E+00  0.503845E+06  0.186849E+00  0.137138E+06  0.639486E-08  -89.91 -176.81   -2.92   -3.34  -89.91    3.89
 0.6900  0.428689E+05  0.189466E+00  0.494014E+06  0.165190E+00  0.148696E+06  0.377642E-08  -89.89   -1.51   -3.42  176.61  -89.89  -48.94
 0.7200  0.463672E+05  0.159954E+00  0.484043E+06  0.367713E+00  0.160541E+06  0.841477E-08  -89.86  179.06   -3.97 -178.54  -89.86  -89.54
 0.7500  0.499553E+05  0.137431E+00  0.473965E+06  0.468519E+00  0.172640E+06  0.111145E-07  -89.82  177.73   -4.57 -179.35  -89.82  -46.99
 0.7800  0.536231E+05  0.484307E-01  0.463816E+06  0.628584E+00  0.184955E+06  0.147995E-07  -89.79   -4.75   -5.23    1.20  -89.79  -46.80
 0.8100  0.573604E+05  0.143247E+00  0.453626E+06  0.348777E+00  0.197448E+06  0.121682E-07  -89.74  178.24   -5.95    4.87  -89.74   88.83
 0.8400  0.611570E+05  0.179128E-01  0.443429E+06  0.678634E+00  0.210078E+06  0.244622E-08  -89.69   19.74   -6.72    0.96  -89.69   34.20
 0.8700  0.650000E+05  0.124838E+00  0.433246E+06  0.853739E-01  0.222799E+06  0.777540E-08  -89.64  175.16   -7.56    1.61  -89.64 -117.02
 0.9000  0.688763E+05  0.830748E-01  0.423109E+06  0.414047E+00  0.235563E+06  0.705039E-08  -89.58    0.98   -8.45   -6.43  -89.58   82.36
 0.9300  0.727724E+05  0.417878E-01  0.413038E+06  0.224263E+00  0.248320E+06  0.340194E-08  -89.52  -16.58   -9.40   -4.12  -89.52 -171.51
 0.9600  0.766727E+05  0.111461E+00  0.403054E+06  0.602554E+00  0.261014E+06  0.151921E-07  -89.45   -2.35  -10.41    0.25  -89.45   86.84
 0.9900  0.805606E+05  0.901851E-01  0.393177E+06  0.617203E+00  0.273589E+06  0.147866E-07  -89.38 -160.29  -11.48   -4.20  -89.38  -83.70
 1.0200  0.844195E+05  0.123583E+00  0.383422E+06  0.329096E+00  0.285983E+06  0.298972E-07  -89.31 -179.78  -12.61   -2.13  -89.31  -88.18
 1.0500  0.882311E+05  0.328460E-01  0.373804E+06  0.138319E+00  0.298137E+06  0.891487E-08  -89.24  173.86  -13.80    1.87  -89.24   82.44
 1.0800  0.919765E+05  0.731682E-01  0.364336E+06  0.635099E+00  0.309985E+06  0.234691E-07  -89.17  174.70  -15.06    2.09  -89.17   75.91
 1.1100  0.956363E+05  0.120739E+00  0.355028E+06  0.494030E+00  0.321462E+06  0.214574E-07  -89.11  -19.82  -16.37  177.69  -89.11   73.92
 1.1400  0.991914E+05  0.775238E-01  0.345891E+06  0.314704E+00  0.332503E+06  0.181493E-07  -89.05   12.28  -17.74  178.30  -89.05  -59.02
 1.1700  0.102621E+06  0.507700E-01  0.336927E+06  0.109316E+00  0.343045E+06  0.282015E-07  -89.01  158.02  -19.17   58.66  -89.01   87.99
 1.2000  0.105907E+06  0.316166E-01  0.328146E+06  0.520070E+00  0.353024E+06  0.387179E-07  -88.98   -6.46  -20.66   -5.83  -88.98   86.60
 1.2300  0.109030E+06  0.280576E-01  0.319550E+06  0.160187E+00  0.362381E+06  0.266615E-07  -88.97 -178.16  -22.21 -159.64  -88.97   80.94
 1.2600  0.111972E+06  0.505290E-01  0.311142E+06  0.344599E+00  0.371061E+06  0.784913E-08  -88.98   91.05  -23.81  166.45  -88.98  -74.64
 1.2900  0.114718E+06  0.602460E-01  0.302927E+06  0.134988E+00  0.379016E+06  0.197635E-07  -89.02  136.57  -25.48 -139.21  -89.02  -92.69
 1.3200  0.117253E+06  0.548254E-01  0.294903E+06  0.748593E+00  0.386204E+06  0.271171E-07  -89.09  159.21  -27.20    2.21  -89.09  -93.73
 1.3500  0.119564E+06  0.343661E+00  0.287072E+06  0.335803E+00  0.392586E+06  0.131548E-07  -89.21  177.30  -28.98  -11.63  -89.21  -85.11
 1.3800  0.121640E+06  0.687740E-01  0.279432E+06  0.181506E+00  0.398138E+06  0.126808E-07  -89.36  160.74  -30.81  170.32  -89.36   95.88
 1.4100  0.123476E+06  0.112923E+00  0.271983E+06  0.270997E+00  0.402844E+06  0.367841E-07  -89.57 -168.64  -32.70 -158.83  -89.57  -92.32
 1.4400  0.125065E+06  0.519556E-01  0.264724E+06  0.383049E-01  0.406694E+06  0.980593E-08  -89.83    6.15  -34.65  169.82  -89.83  125.89
 1.4700  0.126407E+06  0.289485E-01  0.257651E+06  0.478286E+00  0.409687E+06  0.227558E-07  -90.15  -45.37  -36.65 -173.50  -90.15   96.30
 1.5000  0.127500E+06  0.779976E-01  0.250763E+06  0.180063E+00  0.411834E+06  0.730670E-08  -90.54 -170.37  -38.71 -106.49  -90.54   20.28
 1.5300  0.128348E+06  0.206966E+00  0.244056E+06  0.284073E+00  0.413154E+06  0.208076E-07  -90.99  177.13  -40.82  142.45  -90.99 -103.81
 1.5600  0.128957E+06  0.419945E-01  0.237530E+06  0.252845E+00  0.413674E+06  0.165268E-07  -91.52   14.27  -42.98 -129.60  -91.52  -93.93
 1.5900  0.129335E+06  0.295114E-01  0.231177E+06  0.357921E+00  0.413424E+06  0.436776E-07  -92.13  -42.46  -45.20  171.29  -92.13   86.66
 1.6200  0.129490E+06  0.290895E-01  0.224996E+06  0.314422E+00  0.412443E+06  0.149766E-07  -92.82  -51.53  -47.48   -6.11  -92.82   88.71
 1.6500  0.129434E+06  0.502181E-01  0.218984E+06  0.388464E+00  0.410778E+06  0.122180E-07  -93.60 -129.01  -49.80 -131.68  -93.60  -62.76
 1.6800  0.129180E+06  0.938639E-01  0.213135E+06  0.687782E+00  0.408472E+06  0.244378E-07  -94.46 -156.02  -52.18  167.70  -94.46  -75.91
 1.7100  0.128741E+06  0.212377E+00  0.207446E+06  0.929518E-01  0.405575E+06  0.671697E-07  -95.41   -2.79  -54.61   92.76  -95.41  -93.69
 1.7400  0.128129E+06  0.366974E-01  0.201914E+06  0.244065E+00  0.402138E+06  0.320709E-07  -96.45 -162.67  -57.10 -167.88  -96.45   90.64
 1.7700  0.127361E+06  0.104665E+00  0.196535E+06  0.318699E+00  0.398213E+06  0.433041E-07  -97.59  -26.79  -59.64  -18.03  -97.59  -88.37
 1.8000  0.126450E+06  0.497390E-01  0.191304E+06  0.272294E+00  0.393849E+06  0.120782E-07  -98.82   21.14  -62.22   25.47  -98.82 -112.25
 1.8300  0.125410E+06  0.106656E+00  0.186218E+06  0.241341E+00  0.389096E+06  0.166410E-07 -100.14 -167.52  -64.86  -20.47 -100.14   85.61
 1.8600  0.124254E+06  0.165820E+00  0.181272E+06  0.105646E+00  0.384004E+06  0.168911E-07 -101.56    2.70  -67.56 -158.90 -101.56   95.45
 1.8900  0.122996E+06  0.204835E-01  0.176463E+06  0.207449E+00  0.378614E+06  0.531583E-07 -103.07   84.69  -70.30  149.08 -103.07  -82.52
 1.9200  0.121648E+06  0.974813E-01  0.171787E+06  0.208400E+00  0.372973E+06  0.103693E-07 -104.68  -16.22  -73.09  -81.03 -104.68  170.46
 1.9500  0.120223E+06  0.176719E-01  0.167241E+06  0.416892E+00  0.367118E+06  0.281828E-07 -106.38 -105.82  -75.94  -26.64 -106.39   98.12
 1.9800  0.118731E+06  0.139119E+00  0.162819E+06  0.231925E+00  0.361089E+06  0.282082E-07 -108.18 -150.77  -78.84  -27.58 -108.18   75.08
 2.0100  0.117184E+06  0.234747E-01  0.158520E+06  0.205598E+00  0.354920E+06  0.439874E-07 -110.07 -102.70  -81.79   27.75 -110.07  -89.66
 2.0400  0.115589E+06  0.490830E-01  0.154339E+06  0.178762E+00  0.348642E+06  0.336413E-08 -112.05  -31.67  -84.78   12.57 -112.05  156.70
 2.0700  0.113956E+06  0.176607E-01  0.150272E+06  0.284075E+00  0.342282E+06  0.101163E-07 -114.12  109.10  -87.83   10.11 -114.12 -111.90
 2.1000  0.112294E+06  0.202809E-01  0.146316E+06  0.201228E+00  0.335868E+06  0.364867E-07 -116.28   52.25  -90.94   21.53 -116.28  -84.30
 2.1300  0.110608E+06  0.230130E-01  0.142467E+06  0.109731E+00  0.329422E+06  0.171421E-07 -118.53  117.00  -94.09   26.07 -118.53  114.57
 2.1600  0.108906E+06  0.239758E-01  0.138723E+06  0.213639E+00  0.322965E+06  0.159756E-08 -120.86  -96.51  -97.29 -148.48 -120.86   56.37
 2.1900  0.107193E+06  0.109611E-01  0.135079E+06  0.186665E+00  0.316513E+06  0.362396E-08 -123.28   44.50 -100.54  132.84 -123.28  -30.65
 2.2200  0.105475E+06  0.248180E-01  0.131532E+06  0.178467E+00  0.310086E+06  0.191889E-07 -125.79  -93.60 -103.85  -46.30 -125.79  -89.71
 2.2500  0.103755E+06  0.369224E-01  0.128078E+06  0.346352E+00  0.303694E+06  0.205246E-07 -128.37   35.20 -107.20  -17.25 -128.37  114.42
 2.2800  0.102039E+06  0.546052E-01  0.124715E+06  0.337940E+00  0.297352E+06  0.587831E-07 -131.04  177.06 -110.61    8.95 -131.04  -98.82
 2.3100  0.100329E+06  0.395313E-01  0.121437E+06  0.199943E+00  0.291069E+06  0.398581E-08 -133.79   26.67 -114.07  179.73 -133.79   63.83
 2.3400  0.986284E+05  0.279169E-01  0.118242E+06  0.125537E+00  0.284854E+06  0.291345E-07 -136.62  -29.87 -117.58  118.08 -136.62   70.11
 2.3700  0.969400E+05  0.247793E-01  0.115125E+06  0.167933E+00  0.278715E+06  0.108813E-07 -139.52 -166.33 -121.14    5.58 -139.52   47.84
 2.4000  0.952662E+05  0.287863E-01  0.112083E+06  0.138149E+00  0.272658E+06  0.399192E-07 -142.50 -127.31 -124.76   11.08 -142.51  -88.03
 2.4300  0.936089E+05  0.179904E-01  0.109110E+06  0.144378E+00  0.266687E+06  0.449195E-07 -145.56 -138.19 -128.43  164.60 -145.56   72.00
 2.4600  0.919695E+05  0.217088E-01  0.106201E+06  0.683073E-01  0.260809E+06  0.186965E-07 -148.69   33.79 -132.15    0.36 -148.70  161.84
 2.4900  0.903496E+05  0.139366E-01  0.103349E+06  0.143108E+00  0.255025E+06  0.496427E-07 -151.90  -18.04 -135.93 -178.96 -151.90   86.14
 2.5200  0.887503E+05  0.320205E-01  0.100544E+06  0.692285E-01  0.249338E+06  0.269425E-07 -155.17  162.61 -139.77   21.87 -155.18  101.97
 2.5500  0.871722E+05  0.297221E-01  0.977754E+05  0.165046E+00  0.243750E+06  0.206779E-07 -158.52  141.97 -143.67  148.35 -158.53 -108.85
 2.5800  0.856161E+05  0.853379E-02  0.950246E+05  0.578571E-01  0.238260E+06  0.332672E-07 -161.94  146.85 -147.64 -170.57 -161.95  -13.07
 2.6100  0.840826E+05  0.338576E-01  0.922647E+05  0.219044E-01  0.232871E+06  0.290754E-07 -165.43  -34.85 -151.68  -65.80 -165.44 -131.68
 2.6400  0.825720E+05  0.517625E-02  0.894517E+05  0.103740E+00  0.227581E+06  0.261815E-07 -168.99  -22.53 -155.81   20.13 -168.99 -167.68
 2.6700  0.810845E+05  0.498026E-01  0.865026E+05  0.111760E+00  0.222391E+06  0.248615E-07 -172.62  -98.31 -160.06  139.17 -172.62  -38.90
 2.7000  0.796198E+05  0.995002E-02  0.832341E+05  0.187642E-01  0.217297E+06  0.139277E-08 -176.31  -27.23 -164.49   70.79 -176.31   -0.84
 2.7300  0.781779E+05  0.213299E-01  0.791468E+05  0.513092E-01  0.212298E+06  0.285953E-07  179.93   22.22 -169.26 -163.97  179.92  -69.75
 2.7600  0.767583E+05  0.293897E-01  0.722256E+05  0.107722E+00  0.207392E+06  0.288313E-07  176.10  179.57 -175.04  161.75  176.09  -60.25
 2.7900  0.753602E+05  0.677756E-03  0.355692E+05  0.381159E-01  0.202573E+06  0.371030E-07  172.20   45.63  169.41   -6.11  172.20   92.68
 2.8200  0.739840E+05  0.221546E-01  0.998841E+05  0.372137E-01  0.197841E+06  0.867961E-08  168.24 -119.74 -172.62  -52.33  168.23  -21.22
 2.8500  0.726265E+05  0.826424E-02  0.857757E+05  0.194423E-01  0.193184E+06  0.180385E-07  164.21    2.13  178.75  -51.32  164.20  155.57
 2.8800  0.712872E+05  0.263775E-01  0.807001E+05  0.178178E-01  0.188596E+06  0.116711E-07  160.11  -23.09  173.28  175.68  160.10   42.11
 2.9100  0.699633E+05  0.162207E-01  0.773841E+05  0.492906E-01  0.184065E+06  0.472732E-08  155.94  -11.31  168.35   19.78  155.94   -7.29
 2.9400  0.686520E+05  0.738607E-02  0.747340E+05  0.161980E-01  0.179577E+06  0.245956E-07  151.70   31.86  163.59  157.93  151.69   -5.76
 2.9700  0.673479E+05  0.578605E-03  0.724206E+05  0.164245E-01  0.175107E+06  0.172205E-07  147.38 -176.18  158.88   11.68  147.38  102.73
 3.0000  0.660437E+05  0.530946E-02  0.703102E+05  0.256891E-01  0.170618E+06  0.276796E-07  142.98    7.50  154.17    2.23  142.98   76.56
 3.0300  0.647259E+05  0.154619E-01  0.683414E+05  0.260611E-01  0.166050E+06  0.128064E-07  138.48  -13.41  149.45 -174.96  138.48  -89.76
 3.0600  0.633705E+05  0.267977E-02  0.664798E+05  0.438589E-01  0.161288E+06  0.125624E-07  133.87 -177.13  144.69   -7.93  133.87 -102.32
 3.0900  0.619261E+05  0.348291E-01  0.647047E+05  0.849143E-02  0.156099E+06  0.129967E-07  129.09    0.34  139.90  172.98  129.10  111.39
 3.1200  0.602649E+05  0.205778E-01  0.630021E+05  0.248317E-01  0.149892E+06  0.301536E-07  124.03  176.17  135.06  173.70  124.04 -102.62
 3.1500  0.579429E+05  0.463869E-02  0.613618E+05  0.739833E-02  0.140639E+06  0.694515E-08  118.27   28.79  130.19   74.54  118.28 -107.29
 3.1800  0.516771E+05  0.537339E-02  0.597760E+05  0.101289E-01  0.113688E+06  0.297961E-07  108.89 -125.95  125.27 -153.58  108.93  -70.88
 3.2100  0.717817E+05  0.174490E-01  0.582379E+05  0.854755E-02  0.212394E+06  0.114470E-07  126.35  178.09  120.30  -31.81  126.22  114.56
 3.2400  0.617538E+05  0.128966E-01  0.567424E+05  0.205915E-01  0.163180E+06  0.183224E-07  111.03  153.75  115.29  -70.63  110.98  123.53
 3.2700  0.591934E+05  0.293420E-02  0.552839E+05  0.143819E-01  0.152453E+06  0.156351E-07  104.60   35.20  110.22 -161.48  104.57   73.54
 3.3000  0.575664E+05  0.111391E-01  0.538576E+05  0.469265E-01  0.146230E+06  0.167965E-07   99.08  -33.77  105.11  -70.50   99.05 -118.81
 3.3300  0.562495E+05  0.149100E-01  0.524579E+05  0.354260E-01  0.141475E+06  0.118815E-07   93.79 -155.32   99.94    5.56   93.77 -174.43
 3.3600  0.550802E+05  0.186545E-01  0.510786E+05  0.454934E-01  0.137407E+06  0.116996E-07   88.59 -121.35   94.71 -147.61   88.56  110.16
 3.3900  0.539975E+05  0.173032E-01  0.497146E+05  0.152165E-01  0.133732E+06  0.346028E-07   83.39  -56.78   89.41  -72.69   83.37   95.45
 3.4200  0.529729E+05  0.151435E-01  0.483577E+05  0.339051E-01  0.130315E+06  0.156931E-07   78.19  158.58   84.05   55.31   78.17  -74.79
 3.4500  0.519914E+05  0.138593E-01  0.469926E+05  0.126110E-01  0.127086E+06  0.231066E-07   72.95 -108.06   78.60  118.78   72.93 -163.58
 3.4800  0.510444E+05  0.959061E-02  0.455941E+05  0.572727E-01  0.124002E+06  0.376881E-07   67.67  158.53   73.06   36.72   67.65   59.16
 3.5100  0.501260E+05  0.998794E-02  0.441156E+05  0.310789E-02  0.121037E+06  0.342104E-07   62.35   45.33   67.40   64.48   62.33   66.44
 3.5400  0.492325E+05  0.859070E-02  0.424569E+05  0.402123E-01  0.118175E+06  0.436611E-07   56.99 -121.00   61.55 -149.80   56.97  -95.60
 3.5700  0.483610E+05  0.663301E-02  0.403602E+05  0.510297E-02  0.115401E+06  0.199397E-07   51.57 -111.21   55.33   60.64   51.55 -118.86
 3.6000  0.475095E+05  0.202787E-02  0.368726E+05  0.947584E-02  0.112706E+06  0.866866E-08   46.11 -125.48   48.12  123.29   46.08  118.04
 3.6300  0.466758E+05  0.508823E-02  0.230947E+05  0.887267E-02  0.110083E+06  0.144908E-07   40.59 -159.48   34.00   -6.65   40.56  117.24
 3.6600  0.458581E+05  0.166301E-01  0.569612E+05  0.355472E-01  0.107521E+06  0.357026E-07   35.02  -81.35   52.57  -99.24   34.99  -72.86
 3.6900  0.450551E+05  0.719707E-02  0.457263E+05  0.243769E-01  0.105016E+06  0.269646E-07   29.39  136.82   39.29   23.59   29.36   68.81
 3.7200  0.442647E+05  0.951441E-03  0.425426E+05  0.100690E-01  0.102558E+06  0.182986E-07   23.70 -160.76   31.96   -0.84   23.67  -53.94
 3.7500  0.434850E+05  0.965613E-02  0.406507E+05  0.244339E-01  0.100138E+06  0.113308E-07   17.95 -119.73   25.48  -33.76   17.92  -57.34
 3.7800  0.427137E+05  0.762889E-02  0.392109E+05  0.338300E-01  0.977471E+05  0.499178E-07   12.14  -41.33   19.25  173.07   12.10  -71.17
 3.8100  0.419486E+05  0.310439E-02  0.379914E+05  0.268031E-01  0.953738E+05  0.521671E-08    6.25  107.93   13.10  155.89    6.20  129.78
 3.8400  0.411904E+05  0.309215E-02  0.369020E+05  0.204796E-01  0.930189E+05  0.951551E-07    0.27  107.41    6.98  135.47    0.21   92.08
 3.8700  0.404840E+05  0.321066E-02  0.358996E+05  0.144341E-01  0.908452E+05  0.210333E-07   -5.92  124.50    0.85  -61.88   -6.08   89.71
 3.9000  0.393313E+05  0.395525E-02  0.349607E+05  0.117000E-01  0.869969E+05  0.173235E-07  -11.78   56.41   -5.30  -10.54  -11.71  129.79
 3.9300  0.385368E+05  0.312039E-02  0.340703E+05  0.700630E-02  0.844567E+05  0.893834E-08  -18.23  155.85  -11.48  -37.49  -18.22   25.85
 3.9600  0.374268E+05  0.229956E-02  0.332186E+05  0.117535E-01  0.806831E+05  0.608366E-08  -25.02  161.88  -17.70  175.86  -25.02   62.40
 3.9900  0.355377E+05  0.164232E-02  0.323984E+05  0.121060E-01  0.738460E+05  0.657656E-07  -32.97   86.17  -23.95  -13.32  -32.99  -95.48
 4.0200  0.242366E+05  0.624542E-02  0.316054E+05  0.885801E-02  0.319147E+05  0.106504E-06  -53.42   15.67  -30.26 -176.27  -53.95  -81.47
 4.0500  0.417872E+05  0.595216E-02  0.308364E+05  0.646204E-02  0.100932E+06  0.258797E-07  -33.52    0.69  -36.62  171.45  -33.54  -89.06
 4.0800  0.385770E+05  0.285228E-02  0.300898E+05  0.102578E-01  0.881344E+05  0.766620E-08  -44.18  -15.62  -43.05   18.59  -44.20 -111.29
 4.1100  0.372623E+05  0.490401E-02  0.293664E+05  0.262799E-02  0.834259E+05  0.256263E-07  -51.64    3.81  -49.56 -109.76  -51.67  -83.16
 4.1400  0.363448E+05  0.897405E-02  0.286739E+05  0.108162E-01  0.803636E+05  0.160602E-07  -58.53 -173.95  -56.23 -160.44  -58.56  -62.45
 4.1700  0.355808E+05  0.106719E-02  0.280644E+05  0.110119E-01  0.779274E+05  0.344051E-07  -65.25  -97.42  -63.58 -167.31  -65.27   53.90
 4.2000  0.348952E+05  0.771198E-02  0.267460E+05  0.737009E-02  0.758073E+05  0.652093E-07  -71.90   -9.47  -67.65   90.23  -71.93   66.83
 4.2300  0.342573E+05  0.268273E-02  0.263593E+05  0.371625E-02  0.738760E+05  0.627011E-07  -78.55   11.85  -75.23    6.87  -78.58  -92.31
 4.2600  0.336522E+05  0.379780E-02  0.256923E+05  0.716952E-02  0.720721E+05  0.143571E-06  -85.21 -120.49  -82.18 -145.40  -85.24   88.62
 4.2900  0.330713E+05  0.896183E-02  0.249642E+05  0.104815E-01  0.703606E+05  0.949583E-07  -91.90  157.99  -89.13  -83.30  -91.94  -83.21
 4.3200  0.325095E+05  0.101870E-01  0.241487E+05  0.152624E-01  0.687210E+05  0.307818E-07  -98.63   26.86  -96.20  166.15  -98.67 -101.41
 4.3500  0.319634E+05  0.571580E-03  0.231350E+05  0.390803E-02  0.671399E+05  0.856675E-07 -105.41  -80.02 -103.55  108.52 -105.45 -102.22
 4.3800  0.314304E+05  0.158327E-02  0.214832E+05  0.505716E-02  0.656087E+05  0.442780E-07 -112.23 -157.65 -111.68   18.69 -112.28   97.90
 4.4100  0.309080E+05  0.175381E-02  0.148354E+05  0.275008E-02  0.641180E+05  0.610178E-07 -119.12   43.76 -125.58 -179.65 -119.19  100.16
 4.4400  0.303891E+05  0.316045E-02  0.299233E+05  0.301278E-02  0.626508E+05  0.497302E-07 -126.14 -144.41 -113.68  108.35 -126.26   83.33
 4.4700  0.292626E+05  0.386249E-02  0.251164E+05  0.422421E-02  0.592544E+05  0.297491E-07 -131.39   93.29 -126.13 -166.34 -130.79  105.94
 4.5000  0.293975E+05  0.108737E-02  0.236534E+05  0.826220E-02  0.598242E+05  0.100603E-06 -139.70  -67.82 -134.32    7.98 -139.64  -91.91
 4.5300  0.289082E+05  0.411324E-02  0.227379E+05  0.146028E-01  0.584552E+05  0.494660E-07 -146.86  126.81 -141.89 -135.14 -146.84   74.32
 4.5600  0.284172E+05  0.108691E-02  0.220184E+05  0.134844E-02  0.570759E+05  0.822930E-07 -154.02   14.03 -149.29 -134.64 -154.02  -85.29
 4.5900  0.279224E+05  0.481224E-02  0.213965E+05  0.666746E-02  0.556799E+05  0.346553E-07 -161.25   -8.38 -156.64   13.66 -161.26   75.85
 4.6200  0.274181E+05  0.153514E-02  0.208329E+05  0.523117E-02  0.542433E+05  0.955195E-08 -168.56  -39.56 -163.98  -17.78 -168.58 -173.51
 4.6500  0.269020E+05  0.319930E-02  0.203077E+05  0.303443E-02  0.527379E+05  0.146795E-06 -176.03   91.49 -171.34    1.31 -176.05   80.49
 4.6800  0.257663E+05  0.344714E-02  0.198124E+05  0.130675E-01  0.498778E+05  0.469321E-07  173.79 -178.74 -178.72  -14.34  173.43   70.32
 4.7100  0.253128E+05  0.101269E-02  0.193382E+05  0.682210E-02  0.480660E+05  0.520007E-07  168.70 -117.42  173.85 -162.19  168.68   69.69
 4.7400  0.236978E+05  0.188311E-02  0.188823E+05  0.606527E-02  0.427831E+05  0.438995E-07  159.34  101.69  166.39 -157.91  159.28   -3.69
 4.7700  0.395403E+05  0.234161E-02  0.184413E+05  0.451130E-02  0.132063E+06  0.170097E-06 -121.63 -119.17  158.88   13.84 -121.78  103.43
 4.8000  0.277037E+05  0.509558E-02  0.180106E+05  0.145494E-02  0.573591E+05  0.708031E-07  152.17 -171.15  151.33 -144.61  152.17 -142.74
 4.8300  0.261908E+05  0.116399E-02  0.175893E+05  0.194348E-02  0.523486E+05  0.110972E-06  142.77    5.91  143.73   45.32  142.77  102.27
 4.8600  0.254299E+05  0.135584E-03  0.171743E+05  0.356160E-02  0.500093E+05  0.131009E-06  134.58  139.15  136.06  118.16  134.57  -76.90
 4.8900  0.248655E+05  0.376622E-02  0.167643E+05  0.607801E-02  0.483588E+05  0.653654E-07  126.66   -6.32  128.32  -97.95  126.64 -137.01
 4.9200  0.243826E+05  0.113529E-02  0.163618E+05  0.789564E-02  0.469933E+05  0.710982E-07  118.82  121.29  120.45  164.11  118.79 -170.50
 4.9500  0.239367E+05  0.975324E-03  0.160066E+05  0.223953E-02  0.457565E+05  0.112236E-06  110.96 -174.49  112.05  -93.59  110.92  -90.97
 4.9800  0.229670E+05  0.322860E-02  0.152236E+05  0.418004E-02  0.428888E+05  0.100120E-06  103.71   -4.39  105.94   24.49  104.24  116.06
 5.0100  0.231757E+05  0.289401E-02  0.148665E+05  0.636662E-02  0.437393E+05  0.123228E-06   95.40 -171.33   97.30   73.31   95.44  -47.65
 5.0400  0.227916E+05  0.112251E-02  0.142700E+05  0.157473E-02  0.427135E+05  0.740819E-07   87.47  137.08   88.96 -170.60   87.49 -132.79
 5.0700  0.224232E+05  0.100143E-02  0.133009E+05  0.103071E-01  0.417417E+05  0.398195E-07   79.52  -22.17   80.19  -85.03   79.53  135.87
 5.1000  0.220646E+05  0.304622E-02  0.993625E+04  0.438925E-02  0.408026E+05  0.394764E-07   71.53  163.65   68.58    3.99   71.53  -75.59
 5.1300  0.217134E+05  0.962153E-03  0.199604E+05  0.802461E-02  0.398880E+05  0.131163E-06   63.48  145.14   72.65   72.80   63.48   26.47
 5.1600  0.213681E+05  0.196199E-02  0.158090E+05  0.832964E-02  0.389919E+05  0.696280E-07   55.38  167.75   60.03   67.23   55.37  -60.23
 5.1900  0.210288E+05  0.169971E-02  0.147516E+05  0.468929E-02  0.381114E+05  0.102968E-06   47.17   56.05   51.01  -91.62   47.16   32.70
 5.2200  0.207054E+05  0.349387E-02  0.148307E+05  0.425184E-02  0.372599E+05  0.192081E-06   38.52  -76.84   44.69  -18.82   38.51   89.58
 5.2500  0.202655E+05  0.261964E-02  0.138772E+05  0.479513E-02  0.362000E+05  0.750639E-07   31.40   84.08   34.37  -30.16   31.37  129.30
 5.2800  0.199432E+05  0.363464E-02  0.134603E+05  0.535534E-02  0.353337E+05  0.837571E-07   22.80  119.59   25.94 -135.36   22.77  109.66
 5.3100  0.195711E+05  0.179103E-02  0.131012E+05  0.497439E-02  0.343454E+05  0.803557E-07   14.33    2.95   17.54   86.29   14.29  -44.54
 5.3400  0.191626E+05  0.640119E-03  0.127715E+05  0.219698E-02  0.332114E+05  0.131980E-06    5.70  -26.64    9.12 -106.92    5.66 -103.71
 5.3700  0.176790E+05  0.205518E-02  0.124615E+05  0.253143E-02  0.301048E+05  0.197651E-06   -1.98   66.27    0.66  157.50   -2.03   95.92
 5.4000  0.170270E+05  0.119563E-02  0.121647E+05  0.533571E-02  0.272885E+05  0.350829E-06  -12.21  -54.85   -7.84 -172.22  -12.25   86.68
 5.4300  0.368074E+05  0.175854E-02  0.118796E+05  0.289658E-02  0.891455E+05  0.228716E-06    1.59  132.34  -16.39 -167.50    1.48  -86.27
 5.4600  0.203508E+05  0.182465E-02  0.116028E+05  0.107144E-02  0.376703E+05  0.162729E-07  -25.41    6.90  -25.00   12.01  -25.46 -110.16
 5.4900  0.192491E+05  0.311925E-03  0.113332E+05  0.482551E-02  0.344773E+05  0.769923E-08  -34.83  -59.33  -33.66    9.09  -34.86   92.79
 5.5200  0.186971E+05  0.269893E-02  0.110679E+05  0.192600E-02  0.329577E+05  0.240642E-06  -43.74    4.50  -42.37  157.09  -43.76  -93.38
 5.5500  0.182904E+05  0.200160E-02  0.108035E+05  0.410137E-02  0.318830E+05  0.380788E-07  -52.56 -152.39  -51.15   46.69  -52.56 -146.73
 5.5800  0.179452E+05  0.436827E-03  0.105392E+05  0.253877E-02  0.309962E+05  0.410130E-06  -61.36 -125.53  -60.04  145.50  -61.35   90.04
 5.6100  0.176326E+05  0.104788E-02  0.102974E+05  0.335495E-02  0.302103E+05  0.689965E-07  -70.18  -22.38  -69.30  -48.01  -70.17   93.32
 5.6400  0.173394E+05  0.541551E-03  0.955176E+04  0.135685E-02  0.294842E+05  0.737768E-07  -79.04 -112.60  -75.56 -161.61  -79.03    8.25
 5.6700  0.170589E+05  0.300549E-03  0.932763E+04  0.482275E-02  0.287975E+05  0.157386E-06  -87.94 -105.68  -86.03  149.14  -87.94  -61.16
 5.7000  0.167845E+05  0.340036E-02  0.848284E+04  0.115411E-02  0.281337E+05  0.971798E-07  -96.95   25.79  -95.48   27.54  -96.97  -93.15
 5.7300  0.165325E+05  0.122614E-02  0.161827E+04  0.256066E-02  0.275208E+05  0.273629E-06 -105.58 -177.09 -108.85 -112.30 -105.55  -74.42
 5.7600  0.162693E+05  0.986761E-03  0.118670E+05  0.378242E-02  0.268927E+05  0.335506E-06 -114.76   67.69 -111.43  -71.21 -114.76  -49.01
 5.7900  0.160116E+05  0.266687E-02  0.103826E+05  0.123516E-02  0.262764E+05  0.116487E-06 -123.87   43.18 -121.23 -179.95 -123.86  -42.03
 5.8200  0.157547E+05  0.349369E-04  0.982973E+04  0.707944E-03  0.256573E+05  0.404397E-07 -133.02   71.72 -130.54  -24.89 -133.00 -103.53
 5.8500  0.154945E+05  0.287450E-03  0.947050E+04  0.434977E-02  0.250107E+05  0.121893E-06 -142.29  -40.42 -139.80 -126.76 -142.21   61.98
 5.8800  0.169347E+05  0.134518E-02  0.918379E+04  0.553766E-02  0.260058E+05  0.145120E-06  177.27   82.98 -149.07   25.15  179.83  145.92
 5.9100  0.148573E+05  0.182609E-02  0.892687E+04  0.249192E-02  0.235624E+05  0.732962E-07 -160.20   58.37 -158.45   61.21 -160.29   81.63
 5.9400  0.145224E+05  0.847066E-03  0.856926E+04  0.244933E-02  0.226689E+05  0.176693E-06 -169.73  115.33 -169.27   41.66 -169.78  101.44
 5.9700  0.143495E+05  0.238658E-03  0.852191E+04  0.330626E-02  0.216747E+05  0.970370E-07  179.78  145.90 -176.77  145.43  179.79  -24.13
 6.0000  0.119910E+05  0.311757E-03  0.830868E+04  0.795583E-03  0.161729E+05  0.858486E-07  171.92   97.13  173.75  159.69  171.76  116.01
 6.0300  0.189745E+05  0.187319E-03  0.810647E+04  0.202174E-02  0.352766E+05  0.388829E-07  162.40  137.70  164.36 -178.22  162.43    7.97
 6.0600  0.154507E+05  0.259264E-03  0.786768E+04  0.188529E-02  0.257280E+05  0.786193E-07  152.86  156.33  156.03  164.71  152.86 -169.67
 6.0900  0.147470E+05  0.141994E-02  0.773267E+04  0.290284E-02  0.238991E+05  0.594591E-07  143.32 -175.68  144.75   -3.20  143.30 -131.97
 6.1200  0.143430E+05  0.398526E-03  0.753416E+04  0.223578E-02  0.228984E+05  0.507514E-07  133.72  -56.49  135.30 -155.50  133.70   35.75
 6.1500  0.139884E+05  0.126359E-02  0.733366E+04  0.118585E-03  0.220847E+05  0.127392E-07  123.92   22.58  125.66  -81.17  123.89   72.48
 6.1800  0.138248E+05  0.180393E-02  0.712699E+04  0.853640E-03  0.216357E+05  0.917236E-08  114.58 -170.53  115.85   -7.06  114.59  158.05
 6.2100  0.135737E+05  0.199846E-02  0.698485E+04  0.131841E-02  0.210654E+05  0.520303E-07  104.85   26.47  105.17  111.25  104.87  163.70
 6.2400  0.133490E+05  0.220471E-02  0.632401E+04  0.753353E-03  0.205578E+05  0.598437E-07   95.15   12.98   97.91  -18.48   95.21   48.76
 6.2700  0.131204E+05  0.117501E-02  0.551247E+04  0.103883E-02  0.200277E+05  0.484198E-07   85.05  -76.15   87.91  -96.33   84.95   37.36
 6.3000  0.129190E+05  0.209749E-01  0.954944E+05  0.984783E-01  0.195811E+05  0.825842E-08   75.29   21.90   -8.09 -177.45   75.25 -175.81
 6.3300  0.127297E+05  0.153427E-02  0.817185E+04  0.763424E-02  0.191461E+05  0.530664E-07   65.12 -103.54   66.24   78.14   65.10  -88.85
 6.3600  0.125053E+05  0.546469E-03  0.731680E+04  0.816108E-03  0.186569E+05  0.159829E-07   55.68   76.71   56.69 -157.23   55.66  100.93
 6.3900  0.123012E+05  0.104792E-02  0.694544E+04  0.107160E-02  0.181944E+05  0.122329E-07   45.60   86.23   46.82   10.02   45.57 -157.53
 6.4200  0.121003E+05  0.771348E-03  0.669694E+04  0.220776E-02  0.177204E+05  0.388161E-07   35.45  -55.34   36.84    5.88   35.42   88.58
 6.4500  0.122513E+05  0.451847E-03  0.649707E+04  0.233264E-02  0.176011E+05  0.338062E-07   23.72   86.89   26.81 -175.03   23.87 -112.90
 6.4800  0.114360E+05  0.130528E-02  0.632020E+04  0.165324E-02  0.163362E+05  0.911559E-07   16.24    4.35   16.69   31.75   16.08  -93.33
 6.5100  0.110566E+05  0.874549E-03  0.615606E+04  0.258270E-02  0.152855E+05  0.754755E-07    5.97  -63.08    6.47  161.39    5.87  -91.68
 6.5400  0.918850E+04  0.982135E-03  0.599779E+04  0.696781E-02  0.112202E+05  0.837392E-08   -1.59   21.26   -4.23    2.55   -1.78 -132.44
 6.5700  0.161678E+05  0.881269E-03  0.586666E+04  0.887438E-03  0.281687E+05  0.770509E-07  -20.84  -10.12  -13.49   35.08  -20.91  101.16
 6.6000  0.125296E+05  0.651235E-03  0.571383E+04  0.185968E-02  0.192836E+05  0.703056E-07  -26.94 -165.32  -24.05   -3.69  -27.00   88.74
 6.6300  0.118068E+05  0.222278E-03  0.556796E+04  0.106730E-02  0.175565E+05  0.269055E-07  -36.82 -163.32  -34.49  -34.32  -36.84  108.80
 6.6600  0.115158E+05  0.774216E-03  0.542053E+04  0.509178E-03  0.169039E+05  0.293030E-07  -46.97  -12.69  -44.95  -24.24  -47.00  -27.74
 6.6900  0.112602E+05  0.503990E-03  0.526394E+04  0.474193E-03  0.163354E+05  0.346143E-07  -57.30  152.63  -55.42 -110.80  -57.31  -90.43
 6.7200  0.110396E+05  0.219319E-03  0.508797E+04  0.110182E-02  0.158543E+05  0.177376E-07  -67.76  -39.91  -65.95 -125.32  -67.75   90.44
 6.7500  0.108247E+05  0.188831E-02  0.493315E+04  0.264144E-02  0.154027E+05  0.589632E-07  -78.84 -119.95  -77.86   81.43  -78.79   62.64
 6.7800  0.106838E+05  0.590632E-03  0.421643E+04  0.108038E-02  0.150676E+05  0.100534E-06  -88.60 -152.34  -84.52  114.00  -88.59   74.89
 6.8100  0.104987E+05  0.192209E-02  0.761799E+03  0.177592E-02  0.146804E+05  0.243348E-07  -99.27   14.29  -85.86  100.07  -99.27   80.22
 6.8400  0.103243E+05  0.103728E-02  0.674272E+04  0.644355E-03  0.143122E+05  0.527620E-08 -109.96   98.88 -112.32  -94.79 -109.97  100.77
 6.8700  0.101591E+05  0.560098E-03  0.562769E+04  0.309852E-02  0.139553E+05  0.138519E-07 -120.77   87.02 -120.82  -10.43 -120.79   29.73
 6.9000  0.995877E+04  0.683436E-03  0.526106E+04  0.796351E-03  0.135509E+05  0.426210E-07 -131.03 -142.57 -131.02  103.83 -131.11  158.26
 6.9300  0.975263E+04  0.710378E-03  0.503856E+04  0.153814E-02  0.131116E+05  0.821767E-07 -141.94  100.38 -141.57  -90.44 -141.98  -48.73
 6.9600  0.966758E+04  0.508720E-03  0.486743E+04  0.148820E-02  0.128014E+05  0.118153E-06 -153.23 -108.99 -152.30 -168.89 -153.26 -107.75
 6.9900  0.908204E+04  0.679424E-03  0.472113E+04  0.491794E-03  0.118203E+05  0.482564E-07 -161.80   82.77 -163.16  161.35 -162.03   69.12
 7.0200  0.868444E+04  0.565546E-03  0.458986E+04  0.946304E-03  0.106713E+05  0.135187E-06 -172.75  -41.54 -174.11  169.29 -172.81   97.66
 7.0500  0.511904E+04  0.531023E-03  0.446749E+04  0.191902E-02  0.309120E+04  0.415475E-07 -175.06   88.85  174.82  -14.50 -174.75   99.20
 7.0800  0.116772E+05  0.425027E-03  0.436073E+04  0.143582E-02  0.179351E+05  0.299128E-07  157.05  163.92  163.25   -1.16  157.03  -71.63
 7.1100  0.101545E+05  0.399157E-03  0.423392E+04  0.347744E-03  0.144180E+05  0.191518E-06  149.41 -134.23  153.27  132.01  149.40  -90.17
 7.1400  0.974362E+04  0.954853E-03  0.411014E+04  0.677334E-03  0.134496E+05  0.215740E-06  138.45   -0.34  141.99   -5.84  138.44   71.80
 7.1700  0.942737E+04  0.317810E-03  0.397798E+04  0.340695E-03  0.127911E+05  0.778588E-07  128.31 -155.34  130.87 -129.14  128.31   88.25
 7.2000  0.920974E+04  0.650001E-03  0.382413E+04  0.141921E-02  0.123350E+05  0.622519E-07  117.25  -18.32  119.79    8.79  117.26 -146.63
 7.2300  0.902565E+04  0.136138E-02  0.364059E+04  0.652989E-03  0.119563E+05  0.197169E-06  106.08 -130.25  108.62    0.11  106.10  -79.54
 7.2600  0.885697E+04  0.505844E-03  0.300647E+04  0.104827E-02  0.116141E+05  0.506715E-07   94.77  -15.21  102.96  -79.44   94.80 -100.20
 7.2900  0.871710E+04  0.371104E-03  0.890845E+03  0.707674E-02  0.112901E+05  0.375710E-06   84.04 -113.70   97.22  176.70   83.92  -87.71
 7.3200  0.855392E+04  0.126971E-02  0.559461E+04  0.404448E-03  0.109978E+05  0.137929E-06   72.42  133.03   65.64   63.46   72.46  -73.89
 7.3500  0.839815E+04  0.332366E-03  0.444226E+04  0.255400E-03  0.106819E+05  0.285483E-07   60.95 -106.50   59.31  163.31   60.95 -123.06
 7.3800  0.827654E+04  0.883184E-03  0.408990E+04  0.653522E-03  0.103943E+05  0.144252E-06   49.28 -114.54   48.81  -88.18   49.31  172.56
 7.4100  0.804567E+04  0.772541E-04  0.389213E+04  0.105651E-02  0.997215E+04  0.784590E-07   38.42  158.52   37.68   90.68   38.36   54.64
 7.4400  0.788320E+04  0.268115E-03  0.374696E+04  0.203580E-02  0.955666E+04  0.312951E-07   26.81    2.48   26.28  144.23   26.81  136.36
 7.4700  0.728064E+04  0.785008E-04  0.363621E+04  0.526405E-03  0.862211E+04  0.104453E-06   18.52  106.80   14.93  -79.62   17.98  -96.26
 7.5000  0.670885E+04  0.800404E-04  0.352075E+04  0.100470E-02  0.700044E+04  0.153461E-06    7.62  154.45    3.31   24.18    7.23   34.06
 7.5300  0.173964E+05  0.212891E-03  0.341861E+04  0.119119E-02  0.344036E+05  0.849715E-07  -82.57  -13.76   -8.40 -167.86  -82.43   56.74
 7.5600  0.920208E+04  0.158032E-03  0.332283E+04  0.165133E-03  0.127023E+05  0.258979E-07  -26.37  -69.17  -20.28  -33.14  -26.46    4.23
 7.5900  0.841010E+04  0.232581E-03  0.322585E+04  0.731954E-03  0.110319E+05  0.114569E-06  -35.65   19.07  -30.78   -1.62  -35.73 -158.00
 7.6200  0.808858E+04  0.115090E-03  0.310583E+04  0.221880E-03  0.103782E+05  0.137438E-07  -46.42   14.05  -43.14  126.25  -46.45  -70.18
 7.6500  0.784412E+04  0.116901E-02  0.298268E+04  0.799083E-03  0.988340E+04  0.333078E-07  -58.52  174.60  -54.91 -169.49  -58.50   44.46
 7.6800  0.767128E+04  0.373318E-03  0.282728E+04  0.698006E-03  0.953757E+04  0.633349E-07  -69.77  101.20  -66.51   36.06  -69.77  159.00
 7.7100  0.750906E+04  0.169913E-02  0.278553E+04  0.185938E-03  0.922497E+04  0.610389E-07  -81.64  -94.09  -76.02   64.72  -81.61  107.58
 7.7400  0.736203E+04  0.603954E-03  0.109572E+04  0.153965E-02  0.893950E+04  0.540861E-07  -93.63 -107.41  -78.98  173.85  -93.58  -80.60
 7.7700  0.735430E+04  0.108414E-02  0.481936E+04  0.151729E-02  0.879642E+04  0.847203E-08 -104.95  -59.85 -117.19   53.90 -105.07  176.70
 7.8000  0.707661E+04  0.276301E-03  0.355467E+04  0.244652E-02  0.838989E+04  0.468809E-07 -117.27 -142.71 -120.98   29.45 -117.32   45.01
 7.8300  0.692189E+04  0.168128E-02  0.328268E+04  0.109756E-02  0.809030E+04  0.810940E-07 -129.38  -87.67 -132.19  -96.25 -129.44   84.90
 7.8600  0.674975E+04  0.572976E-03  0.309292E+04  0.811958E-03  0.776455E+04  0.249065E-07 -140.69  -82.15 -142.77 -105.58 -140.95  -16.78
 7.8900  0.656396E+04  0.435528E-03  0.296645E+04  0.132508E-02  0.734490E+04  0.343180E-07 -153.01   70.41 -154.60 -164.02 -153.17  174.18
 7.9200  0.594326E+04  0.270567E-03  0.286137E+04  0.852102E-03  0.642233E+04  0.957289E-08 -160.43   77.80 -166.64  154.08 -161.66 -124.62
 7.9500  0.489057E+04  0.628075E-03  0.276665E+04  0.620255E-03  0.392702E+04  0.315032E-07 -163.16   65.84 -178.84   28.46 -164.58 -154.44
 7.9800  0.104804E+05  0.610933E-03  0.267673E+04  0.945840E-03  0.155743E+05  0.685151E-07  146.53  -34.58  168.89 -178.70  146.45 -121.32
 8.0100  0.770483E+04  0.146202E-03  0.258922E+04  0.139893E-03  0.986296E+04  0.113152E-06  150.00  -11.68  155.91 -160.93  149.89   -7.59
 8.0400  0.713714E+04  0.124018E-03  0.255959E+04  0.378705E-03  0.876993E+04  0.138126E-06  139.86 -171.98  145.42  135.71  139.82  -62.08
 8.0700  0.685448E+04  0.276158E-03  0.240310E+04  0.427999E-03  0.822704E+04  0.345347E-08  128.22    8.61  131.86  156.75  128.24  131.98
 8.1000  0.665515E+04  0.238070E-03  0.226392E+04  0.933782E-03  0.784879E+04  0.571626E-07  116.07   13.70  120.47  -28.84  116.14   87.45
 8.1300  0.652496E+04  0.122666E-03  0.207069E+04  0.480343E-03  0.757472E+04  0.237459E-06  104.00   63.21  108.67   26.97  104.04   93.33
 8.1600  0.633027E+04  0.423562E-03  0.124256E+04  0.251799E-03  0.725049E+04  0.105214E-07   91.54 -137.39  106.37  -96.50   91.60   84.90
 8.1900  0.621262E+04  0.147995E-02  0.575724E+04  0.279173E-03  0.701546E+04  0.257583E-06   78.73  158.27   43.86    6.03   78.80  -90.28
 8.2200  0.617449E+04  0.101525E-02  0.310584E+04  0.132713E-02  0.685578E+04  0.120053E-06   66.87  121.87   60.39   96.40   66.57  -92.44
 8.2500  0.593613E+04  0.644279E-04  0.272088E+04  0.360807E-03  0.651108E+04  0.306005E-06   54.11 -147.71   50.64  -66.79   53.96  -89.29
 8.2800  0.580730E+04  0.246832E-04  0.253756E+04  0.546680E-03  0.622390E+04  0.202825E-06   41.37   40.36   38.78 -107.62   41.24  -85.72
 8.3100  0.553384E+04  0.174083E-03  0.242883E+04  0.680201E-03  0.574784E+04  0.118436E-06   29.66 -169.95   26.85   34.67   29.48 -104.94
 8.3400  0.532194E+04  0.113468E-03  0.232449E+04  0.641445E-03  0.510354E+04  0.173903E-06   24.48    5.02   14.19  163.22   22.53 -136.36
 8.3700  0.351274E+04  0.362057E-03  0.223747E+04  0.844645E-03  0.188194E+04  0.353296E-06   21.13 -160.86    1.37  170.29   21.24 -110.29
 8.4000  0.900818E+04  0.286244E-03  0.215776E+04  0.241018E-03  0.127939E+05  0.262438E-06  -34.68  121.64  -11.53    7.23  -34.67  -85.93
 8.4300  0.672197E+04  0.190194E-03  0.208014E+04  0.562024E-03  0.823380E+04  0.691152E-07  -31.86  -18.48  -24.48   -4.85  -31.86   19.26
 8.4600  0.624678E+04  0.273476E-03  0.202208E+04  0.541450E-03  0.728744E+04  0.691064E-07  -42.47  168.60  -37.60  -27.50  -42.34  150.22
 8.4900  0.594017E+04  0.172539E-03  0.188354E+04  0.221329E-03  0.674012E+04  0.535493E-07  -54.41   47.31  -49.75   -0.55  -54.34 -170.51
 8.5200  0.575779E+04  0.265167E-03  0.174605E+04  0.742382E-03  0.640499E+04  0.271175E-06  -67.07  -85.39  -61.71  -58.97  -67.01    5.41
 8.5500  0.560954E+04  0.692294E-03  0.149564E+04  0.889220E-03  0.613193E+04  0.982537E-07  -79.98   53.22  -72.05  -92.85  -79.87   -9.82
 8.5800  0.546984E+04  0.145002E-02  0.265891E+03  0.636807E-03  0.588109E+04  0.786412E-07  -92.68 -178.95  105.56  -31.96  -92.66  -27.91
 8.6100  0.533339E+04  0.540782E-03  0.326661E+04  0.754050E-04  0.563956E+04  0.125862E-06 -105.86  102.78 -120.40  -23.39 -105.84  172.52
 8.6400  0.526701E+04  0.480950E-03  0.241923E+04  0.451444E-03  0.544496E+04  0.125722E-07 -118.52   54.57 -124.51  103.90 -118.71 -155.51
 8.6700  0.503990E+04  0.186908E-03  0.218207E+04  0.825485E-03  0.511557E+04  0.212707E-06 -131.61 -115.80 -135.81   52.81 -131.73 -178.43
 8.7000  0.491051E+04  0.157583E-03  0.204505E+04  0.394509E-03  0.479997E+04  0.886957E-07 -143.51   93.61 -148.04   29.07 -143.85   58.03
 8.7300  0.458371E+04  0.387917E-03  0.196341E+04  0.625611E-03  0.417804E+04  0.487801E-07 -155.75  -40.38 -160.77 -144.40 -155.96  -78.36
 8.7600  0.336825E+04  0.202569E-03  0.186569E+04  0.537074E-03  0.228300E+04  0.341858E-07 -159.99  107.59 -173.96   55.34 -160.57  -55.06
 8.7900  0.954991E+04  0.312749E-03  0.178907E+04  0.110507E-03  0.150922E+05  0.782882E-07  110.07  -74.52  172.68   91.81  110.44   86.44
 8.8200  0.625414E+04  0.320057E-03  0.171502E+04  0.362807E-03  0.750358E+04  0.809844E-07  148.50  161.12  159.28   13.94  148.40  -74.58
 8.8500  0.557933E+04  0.362178E-03  0.164011E+04  0.134787E-03  0.627597E+04  0.430365E-07  139.40    0.09  145.83   37.77  139.35 -175.13
 8.8800  0.528946E+04  0.320215E-03  0.154243E+04  0.159149E-03  0.574849E+04  0.143240E-06  127.00   -8.63  134.15  -32.38  127.09  -15.38
 8.9100  0.509475E+04  0.159016E-03  0.139333E+04  0.361756E-03  0.540431E+04  0.206696E-06  114.50  174.85  120.92  -26.22  114.51 -141.60
 8.9400  0.492037E+04  0.220208E-03  0.114254E+04  0.544910E-03  0.511487E+04  0.132177E-06  101.12  -53.36  110.17  -62.44  101.19 -125.08
 8.9700  0.482803E+04  0.148775E-02  0.538057E+03  0.454767E-03  0.491190E+04  0.172025E-06   87.57 -167.71  -65.62   11.20   87.63  -69.40
 9.0000  0.466550E+04  0.163609E-03  0.278193E+04  0.539843E-03  0.466377E+04  0.929564E-07   74.25  150.84   56.92  111.95   74.25 -138.23
 9.0300  0.455137E+04  0.214641E-03  0.206104E+04  0.278295E-03  0.443316E+04  0.415303E-06   60.56  116.83   53.92   77.40   60.65   14.43
 9.0600  0.433720E+04  0.447887E-03  0.183720E+04  0.518936E-03  0.410949E+04  0.849832E-07   48.01   85.55   42.67  133.02   47.93  -52.93
 9.0900  0.418414E+04  0.213849E-03  0.170186E+04  0.253983E-03  0.375419E+04  0.323119E-06   35.24   91.29   29.62   -0.63   35.04    6.60
 9.1200  0.379551E+04  0.229471E-03  0.162047E+04  0.443255E-03  0.300439E+04  0.958410E-07   24.40   25.44   15.86 -169.84   24.17 -176.81
 9.1500  0.184138E+04  0.867953E-04  0.154781E+04  0.400042E-03  0.100844E+03  0.629613E-07   29.45  -26.79    3.00 -114.89  124.08  -40.54
 9.1800  0.735805E+04  0.355114E-04  0.147480E+04  0.110256E-03  0.978361E+04  0.146513E-06  -41.34 -114.22  -10.83   97.93  -41.26  156.41
 9.2100  0.540770E+04  0.930411E-04  0.139259E+04  0.702893E-03  0.611259E+04  0.207457E-06  -34.89   36.86  -24.65 -179.47  -34.95  104.58
 9.2400  0.489165E+04  0.137016E-03  0.132192E+04  0.322601E-03  0.522240E+04  0.122701E-06  -45.54  169.11  -38.59  155.48  -45.54  -43.81
