         800           1           6           6           0
 --- Force ---
           1           1           1
           2           1           2
           3           1           3
           4           1           4
           5           1           5
           6           1           6
 --- Motion ---
           1           1           1
           2           1           2
           3           1           3
           4           1           4
           5           1           5
           6           1           6
   0.00000000    
  0.100000001      0.200000003      0.300000012      0.400000006      0.500000000      0.600000024      0.700000048      0.800000012      0.900000036       1.00000000       1.10000002       1.20000005       1.30000007       1.40000010       1.50000000       1.60000002       1.70000005       1.80000007       1.90000010       2.00000000       2.09999990       2.20000005       2.29999995       2.40000010       2.50000000       2.59999990       2.70000005       2.79999995       2.89999986       3.00000000       3.09999990       3.20000005       3.29999995       3.39999986       3.50000000       3.59999990       3.70000005       3.79999995       3.89999986       4.00000000       4.09999990       4.20000029       4.30000019       4.39999962       4.50000000       4.59999990       4.70000029       4.80000019       4.90000010       5.00000000       5.09999990       5.20000029       5.30000019       5.40000010       5.50000000       5.59999990       5.69999981       5.80000019       5.90000010       6.00000000       6.09999990       6.19999981       6.30000019       6.40000010       6.50000000       6.59999990       6.69999981       6.80000019       6.90000010       7.00000000       7.09999990       7.19999981       7.30000019       7.40000010       7.50000000       7.59999990       7.69999981       7.80000019       7.90000010       8.00000000       8.10000038       8.19999981       8.30000114       8.40000057       8.50000095       8.60000038       8.69999981       8.80000114       8.90000057       9.00000095       9.10000038       9.19999981       9.30000114       9.40000057       9.50000095       9.60000038       9.70000076       9.80000114       9.90000057       10.0000010       10.1000004       10.2000008       10.3000011       10.4000006       10.5000010       10.6000004       10.7000008       10.8000002       10.9000006       11.0000010       11.1000004       11.2000008       11.3000002       11.4000006       11.5000010       11.6000004       11.7000008       11.8000002       11.9000006       12.0000010       12.1000004       12.2000008       12.3000002       12.4000006       12.5000010       12.6000004       12.7000008       12.8000002       12.9000006       13.0000010       13.1000004       13.2000008       13.3000002       13.4000006       13.5000010       13.6000004       13.7000008       13.8000002       13.9000006       14.0000010       14.1000004       14.2000008       14.3000002       14.4000006       14.5000010       14.6000004       14.7000008       14.8000002       14.9000006       15.0000010       15.1000004       15.2000008       15.3000002       15.4000006       15.5000010       15.6000004       15.7000008       15.8000002       15.9000006       16.0000000       16.1000004       16.2000008       16.2999992       16.4000015       16.5000019       16.6000004       16.7000008       16.7999992       16.9000015       17.0000019       17.1000004       17.2000008       17.2999992       17.4000015       17.5000019       17.6000004       17.7000008       17.7999992       17.9000015       18.0000019       18.1000004       18.2000008       18.2999992       18.4000015       18.5000019       18.6000004       18.7000008       18.7999992       18.9000015       19.0000019       19.1000004       19.2000008       19.3000011       19.4000015       19.5000019       19.6000004       19.7000008       19.8000011       19.9000015       20.0000019       20.1000004       20.2000008       20.3000011       20.4000015       20.5000019       20.6000004       20.7000008       20.8000011       20.9000015       21.0000000       21.1000004       21.2000008       21.3000011       21.4000015       21.5000000       21.6000004       21.7000008       21.8000011       21.9000015       22.0000000       22.1000004       22.2000008       22.3000011       22.4000015       22.5000000       22.6000004       22.7000008       22.8000011       22.9000015       23.0000000       23.1000004       23.2000008       23.3000011       23.4000015       23.5000000       23.6000004       23.7000008       23.8000011       23.9000015       24.0000000       24.1000004       24.2000008       24.3000011       24.4000015       24.5000000       24.6000004       24.7000008       24.8000011       24.9000015       25.0000000       25.1000004       25.2000008       25.3000011       25.4000015       25.5000000       25.6000004       25.7000008       25.8000011       25.9000015       26.0000000       26.1000004       26.2000008       26.3000011       26.4000015       26.5000000       26.6000004       26.7000008       26.8000011       26.9000015       27.0000000       27.1000004       27.2000008       27.3000011       27.4000015       27.5000000       27.6000004       27.7000008       27.8000011       27.9000015       28.0000000       28.1000004       28.2000008       28.3000011       28.4000015       28.5000000       28.6000004       28.7000008       28.8000011       28.9000015       29.0000000       29.1000004       29.2000008       29.3000011       29.4000015       29.5000000       29.6000004       29.7000008       29.8000011       29.9000015       30.0000000       30.1000004       30.2000008       30.3000011       30.4000015       30.5000000       30.6000004       30.7000008       30.8000011       30.9000015       31.0000000       31.1000004       31.2000008       31.3000011       31.4000015       31.5000000       31.6000004       31.7000008       31.8000011       31.9000015       32.0000000       32.0999985       32.2000008       32.2999992       32.4000015       32.4999962       32.5999985       32.7000008       32.7999992       32.9000015       32.9999962       33.0999985       33.2000008       33.2999992       33.4000015       33.4999962       33.5999985       33.7000008       33.7999992       33.9000015       33.9999962       34.0999985       34.2000008       34.2999992       34.4000015       34.4999962       34.5999985       34.7000008       34.7999992       34.9000015       34.9999962       35.0999985       35.2000008       35.2999992       35.4000015       35.4999962       35.5999985       35.7000008       35.7999992       35.9000015       35.9999962       36.0999985       36.2000008       36.2999992       36.4000015       36.4999962       36.5999985       36.7000008       36.7999992       36.9000015       36.9999962       37.0999985       37.2000008       37.2999992       37.4000015       37.4999962       37.5999985       37.7000008       37.7999992       37.9000015       37.9999962       38.0999985       38.2000008       38.2999992       38.4000015       38.5000000       38.5999985       38.7000008       38.7999992       38.9000015       39.0000000       39.0999985       39.2000008       39.2999992       39.4000015       39.5000000       39.5999985       39.7000008       39.7999992       39.9000015       40.0000000       40.0999985       40.2000008       40.2999992       40.4000015       40.5000000       40.5999985       40.7000008       40.7999992       40.9000015       41.0000000       41.0999985       41.2000008       41.2999992       41.3999977       41.5000000       41.5999985       41.7000008       41.7999992       41.8999977       42.0000000       42.0999985       42.2000008       42.2999992       42.3999977       42.5000000       42.5999985       42.7000008       42.7999992       42.8999977       43.0000000       43.0999985       43.2000008       43.2999992       43.3999977       43.5000000       43.5999985       43.7000008       43.7999992       43.8999977       44.0000000       44.0999985       44.2000008       44.2999992       44.3999977       44.5000000       44.5999985       44.7000008       44.7999992       44.8999977       45.0000000       45.0999985       45.2000008       45.2999992       45.3999977       45.5000000       45.5999985       45.7000008       45.7999992       45.8999977       46.0000000       46.0999985       46.2000008       46.2999992       46.3999977       46.5000000       46.5999985       46.7000008       46.7999992       46.8999977       47.0000000       47.0999985       47.2000008       47.2999992       47.3999977       47.5000000       47.5999985       47.7000008       47.7999992       47.8999977       48.0000000       48.0999985       48.2000008       48.2999992       48.3999977       48.5000000       48.5999985       48.7000008       48.7999992       48.8999977       49.0000000       49.0999985       49.2000008       49.2999992       49.3999977       49.5000000       49.5999985       49.7000008       49.7999992       49.8999977       50.0000000       50.0999985       50.2000008       50.2999992       50.3999977       50.5000000       50.5999985       50.7000008       50.7999992       50.8999977       51.0000000       51.0999985       51.2000008       51.2999992       51.3999977       51.5000000       51.5999985       51.7000008       51.7999992       51.8999977       52.0000000       52.0999985       52.2000008       52.2999992       52.3999977       52.5000000       52.5999985       52.7000008       52.7999992       52.8999977       53.0000000       53.0999985       53.2000008       53.2999992       53.3999977       53.5000000       53.5999985       53.7000008       53.7999992       53.8999977       54.0000000       54.0999985       54.2000008       54.2999992       54.3999977       54.5000000       54.5999985       54.7000008       54.7999992       54.8999977       55.0000000       55.0999985       55.2000008       55.2999992       55.3999977       55.5000000       55.5999985       55.7000008       55.7999992       55.8999977       56.0000000       56.0999985       56.2000008       56.2999992       56.3999977       56.5000000       56.5999985       56.7000008       56.7999992       56.8999977       57.0000000       57.0999985       57.2000008       57.2999992       57.3999977       57.5000000       57.5999985       57.7000008       57.7999992       57.8999977       58.0000000       58.0999985       58.2000008       58.2999992       58.3999977       58.5000000       58.5999985       58.7000008       58.7999992       58.8999977       59.0000000       59.0999985       59.2000008       59.2999992       59.3999977       59.5000000       59.5999985       59.7000008       59.7999992       59.8999977       60.0000000       60.0999985       60.2000008       60.2999992       60.3999977       60.5000000       60.5999985       60.7000008       60.7999992       60.8999977       61.0000000       61.0999985       61.2000008       61.2999992       61.3999977       61.5000000       61.5999985       61.7000008       61.7999992       61.8999977       62.0000000       62.0999985       62.2000008       62.2999992       62.3999977       62.5000000       62.5999985       62.7000008       62.7999992       62.8999977       63.0000000       63.0999985       63.2000008       63.2999992       63.3999977       63.5000000       63.5999985       63.7000008       63.7999992       63.8999977       64.0000000       64.0999985       64.2000046       64.3000031       64.3999939       64.5000000       64.5999985       64.7000046       64.8000031       64.8999939       65.0000000       65.0999985       65.2000046       65.3000031       65.3999939       65.5000000       65.5999985       65.7000046       65.8000031       65.8999939       66.0000000       66.0999985       66.2000046       66.3000031       66.3999939       66.5000000       66.5999985       66.7000046       66.8000031       66.8999939       67.0000000       67.0999985       67.2000046       67.3000031       67.3999939       67.5000000       67.5999985       67.7000046       67.8000031       67.8999939       68.0000000       68.0999985       68.2000046       68.3000031       68.3999939       68.5000000       68.5999985       68.7000046       68.8000031       68.8999939       69.0000000       69.0999985       69.2000046       69.3000031       69.3999939       69.5000000       69.5999985       69.7000046       69.8000031       69.8999939       70.0000000       70.0999985       70.2000046       70.3000031       70.3999939       70.5000000       70.5999985       70.7000046       70.8000031       70.8999939       71.0000000       71.0999985       71.2000046       71.3000031       71.3999939       71.5000000       71.5999985       71.7000046       71.8000031       71.8999939       72.0000000       72.0999985       72.2000046       72.3000031       72.3999939       72.5000000       72.5999985       72.7000046       72.8000031       72.8999939       73.0000000       73.0999985       73.2000046       73.3000031       73.3999939       73.5000000       73.5999985       73.7000046       73.8000031       73.8999939       74.0000000       74.0999985       74.2000046       74.3000031       74.3999939       74.5000000       74.5999985       74.7000046       74.8000031       74.8999939       75.0000000       75.0999985       75.2000046       75.3000031       75.3999939       75.5000000       75.5999985       75.7000046       75.8000031       75.8999939       76.0000000       76.0999985       76.2000046       76.3000031       76.3999939       76.5000000       76.5999985       76.7000046       76.8000031       76.9000015       77.0000000       77.0999985       77.2000046       77.3000031       77.4000015       77.5000000       77.5999985       77.7000046       77.8000031       77.9000015       78.0000000       78.0999985       78.2000046       78.3000031       78.4000015       78.5000000       78.5999985       78.7000046       78.8000031       78.9000015       79.0000000       79.0999985       79.2000046       79.3000031       79.4000015       79.5000000       79.5999985       79.7000046       79.8000031       79.9000015       80.0000000    

