Nb de frequency :   128
 0.0250
  0.370816E-02 -0.572327E-08 -0.513194E-03 -0.195608E-06  0.816754E-01  0.185101E-09
  0.260911E-11  0.364385E-02  0.341345E-10 -0.748326E-01  0.687578E-09 -0.652245E-04
  0.941455E-05  0.790633E-03  0.163809E+02  0.386488E-03  0.290735E+00 -0.307592E-05
 -0.115178E-08 -0.706443E-01  0.165892E-09  0.177820E+01  0.247383E-07  0.126453E-02
  0.780997E-01 -0.501438E-05  0.328817E+00 -0.416502E-04  0.203786E+01 -0.590291E-07
  0.854516E-12 -0.720490E-04  0.188916E-12  0.181336E-02 -0.117439E-10  0.128968E-05
 0.0720
  0.102644E+02  0.657300E-07 -0.116000E-01  0.416968E-05  0.177928E+03 -0.607759E-10
 -0.807288E-09  0.102802E+02  0.549375E-08 -0.179154E+03  0.263163E-06 -0.184016E+00
 -0.464848E-02  0.136950E-01  0.308272E+03  0.320159E-02  0.542568E+01  0.126600E-03
  0.244912E-08 -0.179342E+03  0.420008E-06  0.308069E+04 -0.104718E-04  0.321023E+01
  0.179248E+03 -0.187208E-04  0.621036E+01 -0.211954E-02  0.303976E+04  0.137133E-05
 -0.774524E-10 -0.183838E+00  0.792872E-11  0.314943E+01  0.225453E-07  0.329070E-02
 0.1191
  0.309119E+03 -0.147606E-05 -0.299687E-01 -0.341122E-04  0.570141E+04 -0.125092E-07
  0.369348E-07  0.309057E+03  0.275353E-05 -0.569971E+04  0.173205E-05 -0.553213E+01
  0.112619E-01 -0.108588E-01  0.824867E+03  0.137440E+00  0.153583E+02  0.754329E-04
  0.638961E-05 -0.573476E+04 -0.109939E-04  0.105854E+06  0.443406E-03  0.102652E+03
  0.573437E+04 -0.295747E-03  0.170935E+02  0.103931E-01  0.105756E+06  0.772373E-06
  0.329280E-09 -0.553108E+01 -0.523997E-07  0.101947E+03  0.400405E-06  0.990064E-01
 0.1661
  0.271617E+04  0.428792E-05 -0.334981E-01 -0.482465E-04  0.540474E+05 -0.165476E-06
  0.130098E-05  0.271577E+04 -0.373274E-05 -0.540467E+05 -0.131549E-03 -0.486122E+02
 -0.372124E-02 -0.246374E-01  0.844833E+03 -0.155602E+00  0.160026E+02 -0.580518E-03
  0.102692E-04 -0.543228E+05 -0.286895E-03  0.108087E+07 -0.254780E-03  0.972380E+03
  0.543231E+05 -0.571264E-03  0.182545E+02  0.143995E-02  0.108100E+07  0.210181E-04
 -0.230260E-07 -0.486153E+02  0.144190E-07  0.967435E+03  0.240205E-05  0.870215E+00
 0.2132
  0.127057E+05 -0.166653E-04  0.651257E-02 -0.733959E-04  0.277402E+06 -0.454774E-06
 -0.308781E-05  0.127054E+05 -0.339787E-04 -0.277409E+06 -0.619088E-03 -0.227427E+03
 -0.179930E-01  0.227346E-01  0.176842E+03  0.191997E+01  0.287881E+01  0.167299E-03
 -0.531155E-04 -0.278584E+06  0.388078E-02  0.608237E+07  0.399469E-02  0.498666E+04
  0.278599E+06 -0.142146E-02  0.373217E+01  0.698160E-01  0.608282E+07  0.723667E-05
 -0.198051E-07 -0.227426E+03  0.856882E-06  0.496542E+04 -0.186476E-05  0.407093E+01
 0.2602
  0.402730E+05  0.563060E-04  0.600416E-01  0.189908E-02  0.975568E+06  0.738725E-06
 -0.542895E-05  0.402731E+05 -0.382997E-03 -0.975581E+06 -0.444740E-03 -0.720887E+03
 -0.356990E-01 -0.671356E-01  0.308868E+03 -0.147078E+01  0.416368E+01 -0.392335E-03
  0.231304E-03 -0.978972E+06 -0.148993E-01  0.237155E+08  0.174084E-01  0.175236E+05
  0.979002E+06 -0.376738E-03 -0.266513E+01  0.421073E-01  0.237155E+08 -0.334656E-05
 -0.329615E-07 -0.720889E+03  0.465617E-05  0.174628E+05  0.932228E-05  0.129040E+02
 0.3073
  0.978187E+05  0.276564E-04  0.430629E-01 -0.233032E-02  0.264463E+07  0.517986E-06
  0.362647E-04  0.978187E+05  0.135220E-02 -0.264463E+07 -0.329621E-02 -0.175096E+04
  0.133813E+00 -0.749857E-01  0.405010E+04 -0.541732E+01  0.720548E+02 -0.980018E-03
  0.131286E-03 -0.265192E+07  0.115672E-01  0.716999E+08  0.396108E-01  0.474693E+05
  0.265199E+07  0.406751E-02  0.488085E+02 -0.829725E-01  0.717009E+08  0.961565E-05
  0.109893E-06 -0.175096E+04  0.610021E-05  0.473390E+05 -0.209530E-04  0.313422E+02
 0.3543
  0.195946E+06 -0.849859E-04 -0.201017E+00  0.121542E-01  0.591952E+07  0.567593E-07
 -0.721451E-04  0.195946E+06 -0.376578E-02 -0.591954E+07  0.460647E-02 -0.350743E+04
  0.301754E+00 -0.445923E-01  0.138594E+05 -0.682861E-01  0.247841E+03 -0.933282E-03
  0.639337E-02 -0.593204E+07  0.743361E-01  0.179220E+09 -0.647069E-01  0.106184E+06
  0.593225E+07  0.345756E-02  0.202030E+03 -0.277340E+00  0.179224E+09  0.163425E-03
  0.287625E-05 -0.350744E+04 -0.444016E-04  0.105960E+06  0.713848E-04  0.627834E+02
 0.4014
  0.339937E+06  0.675613E-04 -0.589386E+00  0.121266E-02  0.114425E+08  0.322974E-06
  0.378956E-04  0.339938E+06 -0.995238E-04 -0.114425E+08 -0.899083E-02 -0.608489E+04
  0.532970E+00 -0.179461E+00  0.303785E+05 -0.170079E+01  0.539654E+03 -0.426418E-02
 -0.165363E-02 -0.114607E+08 -0.486595E-02  0.385832E+09  0.944649E-01  0.205147E+06
  0.114610E+08 -0.263539E-01  0.472257E+03  0.116690E+01  0.385836E+09 -0.437139E-03
  0.259276E-05 -0.608488E+04  0.203488E-04  0.204821E+06 -0.230053E-03  0.108920E+03
 0.4484
  0.529000E+06 -0.962002E-03 -0.146397E+01 -0.311741E-01  0.197198E+08 -0.174402E-05
 -0.400710E-03  0.528998E+06  0.789616E-02 -0.197195E+08 -0.103731E-01 -0.946910E+04
  0.850281E+00 -0.222593E+00  0.522280E+05 -0.481176E+01  0.924885E+03 -0.676651E-02
 -0.203904E-01 -0.197429E+08  0.173319E-01  0.736170E+09 -0.525498E+00  0.353399E+06
  0.197432E+08  0.364428E-01  0.848924E+03  0.201441E-01  0.736175E+09 -0.135544E-02
 -0.387559E-05 -0.946910E+04 -0.671012E-04  0.352979E+06  0.962216E-04  0.169497E+03
 0.4955
  0.758010E+06  0.467794E-04 -0.188895E+01 -0.248281E-01  0.310289E+08 -0.120345E-05
  0.672395E-03  0.758011E+06 -0.202909E-01 -0.310283E+08 -0.761474E-01 -0.135685E+05
 -0.260438E+00  0.827035E+00  0.768495E+05  0.100424E+02  0.137768E+04  0.162032E-02
 -0.294398E-01 -0.310551E+08  0.448145E+00  0.127179E+10 -0.112255E+01  0.555887E+06
  0.310552E+08 -0.105784E+00  0.127060E+04 -0.225672E+01  0.127180E+10 -0.152387E-02
 -0.619443E-05 -0.135685E+05  0.215343E-03  0.555408E+06 -0.437553E-03  0.242876E+03
 0.5425
  0.101995E+07  0.507039E-03 -0.285593E+01  0.221856E-01  0.453927E+08 -0.824586E-05
 -0.374588E-03  0.101997E+07  0.112894E-01 -0.453921E+08 -0.503976E-01 -0.182574E+05
  0.157714E+01 -0.301873E+00  0.101439E+06 -0.357015E+01  0.178758E+04 -0.131805E-01
  0.364240E-01 -0.454200E+08  0.868267E+00  0.202274E+10  0.277194E+01  0.813019E+06
  0.454195E+08 -0.213246E-01  0.169934E+04  0.683871E+01  0.202273E+10 -0.783324E-03
 -0.732426E-05 -0.182574E+05 -0.283269E-04  0.812520E+06  0.753316E-03  0.326808E+03
 0.5896
  0.130744E+07  0.768040E-03 -0.336219E+01 -0.431812E-03  0.625966E+08 -0.878523E-06
 -0.152708E-02  0.130745E+07 -0.163729E-01 -0.625962E+08  0.495144E-01 -0.234034E+05
  0.202939E+01  0.100681E+01  0.123777E+06 -0.105536E+02  0.218060E+04 -0.424467E-03
  0.302268E-01 -0.626225E+08 -0.730481E-02  0.300100E+10  0.138180E-01  0.112094E+07
  0.626212E+08 -0.199425E+00  0.210572E+04  0.449084E+01  0.300097E+10  0.443844E-02
 -0.628671E-04 -0.234035E+05  0.155797E-03  0.112047E+07 -0.193978E-02  0.418921E+03
 0.6366
  0.161258E+07  0.111711E-02 -0.309461E+01  0.735153E-01  0.822031E+08 -0.372621E-04
  0.370345E-03  0.161258E+07  0.995681E-02 -0.822036E+08  0.177183E-01 -0.288653E+05
  0.232319E+01 -0.340086E-01  0.142834E+06 -0.152471E+02  0.250724E+04 -0.100889E-01
 -0.291419E-01 -0.822254E+08  0.923215E+00  0.419640E+10 -0.191482E+01  0.147184E+07
  0.822232E+08 -0.142989E+00  0.247258E+04 -0.544106E+01  0.419634E+10  0.604937E-02
  0.258027E-04 -0.288653E+05 -0.176274E-03  0.147144E+07 -0.133567E-03  0.516690E+03
 0.6837
  0.192599E+07  0.964946E-03 -0.274696E+01 -0.567492E-02  0.103540E+09 -0.418904E-04
 -0.104058E-02  0.192599E+07  0.768214E-01 -0.103540E+09  0.127018E+00 -0.344753E+05
  0.312513E+01  0.231865E+00  0.157913E+06  0.259392E+02  0.278937E+04 -0.414226E-02
  0.140204E-01 -0.103555E+09 -0.906302E+01  0.557423E+10  0.597135E+01  0.185363E+07
  0.103551E+09 -0.817857E-01  0.279116E+04 -0.129896E+02  0.557413E+10 -0.200813E-03
 -0.285246E-04 -0.344752E+05 -0.322389E-03  0.185336E+07  0.140830E-03  0.617108E+03
 0.7307
  0.223528E+07  0.231357E-03 -0.223833E+01 -0.176612E-01  0.125666E+09 -0.134145E-04
 -0.186479E-02  0.223528E+07 -0.136194E-01 -0.125666E+09 -0.139862E+00 -0.400115E+05
 -0.191731E+00  0.786269E+00  0.168321E+06  0.571758E+00  0.304334E+04 -0.359278E-02
  0.109892E+00 -0.125667E+09  0.187744E+01  0.707495E+10 -0.133583E+01  0.224944E+07
  0.125667E+09 -0.100972E+00  0.301308E+04 -0.635945E+01  0.707495E+10  0.479438E-02
 -0.312715E-04 -0.400116E+05 -0.966542E-03  0.224942E+07 -0.416442E-02  0.716206E+03
 0.7778
  0.252475E+07  0.115116E-02 -0.204783E+01 -0.482300E-01  0.147379E+09  0.865038E-04
 -0.231122E-02  0.252475E+07 -0.458832E-01 -0.147379E+09 -0.573443E-01 -0.451931E+05
  0.273810E+00 -0.627863E+00  0.174803E+06  0.484610E+02  0.318925E+04  0.117307E-01
  0.172033E+00 -0.147364E+09 -0.190976E+02  0.861441E+10 -0.884697E+01  0.263782E+07
  0.147364E+09 -0.282734E+00  0.313636E+04  0.196869E+01  0.861440E+10  0.339414E-02
 -0.291127E-04 -0.451931E+05  0.567467E-03  0.263810E+07  0.128170E-02  0.808956E+03
 0.8248
  0.277559E+07  0.516005E-03 -0.200411E+01 -0.357629E+00  0.167246E+09 -0.176000E-04
  0.226539E-02  0.277557E+07 -0.173051E+00 -0.167246E+09 -0.341117E+00 -0.496828E+05
  0.690758E+01  0.365838E+00  0.176643E+06 -0.204995E+02  0.324840E+04 -0.944013E-02
  0.849773E-01 -0.167213E+09  0.139959E+02  0.100896E+11  0.149496E+02  0.299312E+07
  0.167213E+09  0.343936E+00  0.316849E+04  0.719125E+01  0.100897E+11  0.138440E-02
  0.880002E-04 -0.496828E+05  0.864466E-03  0.299371E+07 -0.241642E-02  0.889322E+03
 0.8719
  0.296907E+07 -0.280036E-02 -0.181128E+01  0.796074E-01  0.183791E+09 -0.530057E-05
  0.904630E-03  0.296907E+07 -0.608031E-01 -0.183792E+09  0.314173E+00 -0.531464E+05
 -0.122125E+00  0.188572E+00  0.175095E+06 -0.617160E+01  0.312714E+04  0.187635E-01
  0.391652E-01 -0.183736E+09  0.706761E+01  0.113884E+11 -0.250657E+01  0.328886E+07
  0.183735E+09  0.323538E+00  0.319639E+04 -0.381435E+00  0.113884E+11 -0.686454E-02
 -0.229691E-04 -0.531463E+05  0.634665E-02  0.328988E+07  0.106427E-03  0.951317E+03
 0.9189
  0.308957E+07 -0.136006E-02 -0.110947E+01  0.296129E+00  0.195721E+09 -0.820463E-04
  0.213123E-02  0.308956E+07  0.182290E+00 -0.195722E+09 -0.471115E-01 -0.553031E+05
  0.737687E+01  0.238467E+00  0.169940E+06  0.117778E+02  0.307828E+04 -0.201515E-02
  0.650587E-01 -0.195644E+09  0.832459E+01  0.124090E+11 -0.835623E+01  0.350203E+07
  0.195644E+09 -0.717889E-01  0.327335E+04  0.146736E+02  0.124090E+11  0.792201E-03
 -0.305620E-04 -0.553032E+05 -0.180414E-02  0.350343E+07  0.417834E-02  0.989927E+03
 0.9659
  0.312912E+07 -0.526925E-02  0.382157E+00  0.218847E+00  0.202224E+09  0.803744E-04
 -0.137811E-02  0.312910E+07 -0.415147E+00 -0.202225E+09  0.382039E-01 -0.560110E+05
 -0.282261E+01  0.648390E+00  0.162232E+06  0.225097E+02  0.276375E+04  0.260670E-02
 -0.187246E+00 -0.202124E+09 -0.116505E+02  0.130773E+11 -0.464861E+01  0.361803E+07
  0.202124E+09 -0.198094E-01  0.351296E+04 -0.374304E+01  0.130773E+11  0.111354E-01
  0.132422E-04 -0.560111E+05  0.879996E-02  0.361983E+07 -0.421540E-02  0.100260E+04
 1.0130
  0.308879E+07 -0.618281E-04  0.229902E+01  0.158280E-01  0.203130E+09 -0.352614E-04
 -0.176210E-02  0.308878E+07 -0.231859E+00 -0.203131E+09  0.156302E+00 -0.552891E+05
 -0.123965E+00  0.890499E-01  0.152402E+06  0.282757E+02  0.272064E+04 -0.227635E-02
  0.109312E+00 -0.203012E+09  0.506345E+02  0.133646E+11  0.121559E+02  0.363391E+07
  0.203012E+09  0.264624E+00  0.263123E+04  0.595133E+01  0.133647E+11 -0.128293E-02
 -0.404540E-04 -0.552889E+05  0.872972E-02  0.363604E+07  0.114382E-02  0.989671E+03
 1.0600
  0.297891E+07  0.345334E-02  0.436076E+01  0.140786E+00  0.198933E+09 -0.978077E-04
  0.921970E-03  0.297890E+07  0.356616E-01 -0.198935E+09 -0.210145E+00 -0.533223E+05
  0.826862E-01 -0.202470E+00  0.141072E+06  0.100705E+02  0.253380E+04 -0.252111E-02
  0.203933E+00 -0.198801E+09  0.529479E+02  0.132889E+11 -0.265010E+02  0.355854E+07
  0.198801E+09  0.476190E-01  0.238301E+04 -0.331262E+01  0.132889E+11 -0.121312E-02
 -0.758199E-05 -0.533223E+05  0.105578E-01  0.356094E+07  0.279826E-02  0.954469E+03
 1.1071
  0.281587E+07  0.107269E-02 -0.130331E+01 -0.154603E+00  0.190629E+09  0.496226E-04
 -0.437524E-02  0.281587E+07 -0.209213E+00 -0.190629E+09  0.616249E-01 -0.504041E+05
  0.228222E+00 -0.435304E+00  0.128908E+06 -0.562517E+01  0.232542E+04 -0.662462E-02
  0.193524E+00 -0.190485E+09  0.116455E+02  0.129067E+11  0.250478E+02  0.340970E+07
  0.190486E+09 -0.178388E+00  0.212779E+04  0.975620E+01  0.129067E+11 -0.663887E-02
 -0.886872E-04 -0.504040E+05  0.936752E-02  0.341225E+07 -0.104735E-02  0.902232E+03
 1.1541
  0.261842E+07  0.117992E-02 -0.155453E+01 -0.114963E+00  0.179432E+09 -0.159597E-04
 -0.198120E-02  0.261841E+07  0.214599E+00 -0.179432E+09 -0.383208E+00 -0.468695E+05
 -0.143119E+01 -0.398459E+00  0.116321E+06 -0.247282E+01  0.202259E+04 -0.540772E-03
  0.230489E+00 -0.179284E+09 -0.436970E+01  0.122957E+11  0.116856E+02  0.320919E+07
  0.179284E+09  0.901667E-02  0.188452E+04  0.865600E+00  0.122956E+11 -0.361019E-02
  0.376979E-04 -0.468694E+05 -0.549804E-02  0.321183E+07 -0.774870E-03  0.838964E+03
 1.2012
  0.240423E+07 -0.394064E-03 -0.167934E+01 -0.117303E+00  0.166563E+09 -0.830513E-05
  0.226358E-02  0.240423E+07  0.358191E+00 -0.166563E+09 -0.161878E+00 -0.430357E+05
 -0.200401E+01 -0.381853E-01  0.103782E+06  0.181423E+02  0.177250E+04 -0.145587E-02
 -0.304987E-01 -0.166416E+09 -0.311685E+02  0.115376E+11 -0.215462E+02  0.297884E+07
  0.166415E+09  0.997074E-01  0.166001E+04 -0.114112E+02  0.115376E+11 -0.106306E-02
  0.693049E-04 -0.430357E+05 -0.608301E-02  0.298146E+07 -0.549857E-04  0.770340E+03
 1.2482
  0.218719E+07  0.131421E-02 -0.162504E+01 -0.269393E+00  0.153031E+09 -0.297601E-06
  0.914230E-03  0.218720E+07  0.336651E+00 -0.153030E+09  0.231605E+00 -0.391508E+05
  0.167705E+02  0.182442E+00  0.916403E+05 -0.895503E+01  0.185722E+04 -0.376283E-02
  0.981273E-01 -0.152886E+09 -0.352710E+02  0.107042E+11 -0.616313E+01  0.273666E+07
  0.152887E+09  0.418108E+00  0.145233E+04 -0.546100E+00  0.107042E+11  0.226653E-02
 -0.194929E-04 -0.391507E+05 -0.579786E-02  0.273924E+07  0.666626E-03  0.700797E+03
 1.2953
  0.197734E+07  0.135386E-02 -0.131970E+01  0.366826E-01  0.139595E+09 -0.146688E-04
 -0.365640E-03  0.197735E+07  0.261798E+00 -0.139595E+09 -0.164439E+00 -0.353946E+05
 -0.211344E+01 -0.513774E-01  0.800975E+05  0.655528E+01  0.136053E+04  0.363077E-02
  0.153055E+00 -0.139454E+09 -0.158010E+02  0.985099E+10  0.348105E+01  0.249622E+07
  0.139454E+09  0.123329E+00  0.125378E+04 -0.817643E+01  0.985093E+10  0.175903E-02
  0.633076E-05 -0.353947E+05 -0.441486E-02  0.249875E+07  0.249031E-02  0.633564E+03
 1.3423
  0.178114E+07  0.819289E-04  0.551283E+01  0.157303E-01  0.126773E+09  0.720078E-05
  0.337957E-03  0.178116E+07  0.684567E-01 -0.126774E+09 -0.176311E+00 -0.318828E+05
  0.128290E+02 -0.164817E+00  0.693674E+05  0.120401E+02  0.146037E+04  0.211423E-04
  0.976592E-01 -0.126638E+09 -0.387720E+01  0.901833E+10 -0.114936E+02  0.226682E+07
  0.126638E+09 -0.471910E-01  0.110232E+04  0.645993E+01  0.901827E+10 -0.109580E-02
 -0.233625E-04 -0.318828E+05 -0.104755E-02  0.226925E+07 -0.141327E-02  0.570702E+03
 1.3894
  0.160158E+07 -0.985805E-03 -0.591483E+00  0.135681E-01  0.114849E+09  0.993755E-05
 -0.996405E-03  0.160162E+07  0.151756E+00 -0.114850E+09  0.115329E+00 -0.286690E+05
  0.794160E+01 -0.442420E-02  0.595448E+05  0.640752E+01  0.116805E+04 -0.185190E-02
  0.976901E-01 -0.114721E+09 -0.129782E+02  0.823037E+10 -0.136332E+02  0.205351E+07
  0.114722E+09 -0.332418E-01  0.998979E+03 -0.329975E+01  0.823030E+10  0.530003E-03
 -0.299783E-04 -0.286691E+05 -0.165170E-02  0.205582E+07 -0.219421E-02  0.513177E+03
 1.4364
  0.143988E+07  0.107398E-02 -0.322457E+00 -0.490963E-02  0.103963E+09  0.102741E-05
  0.394524E-03  0.143994E+07  0.267353E+00 -0.103964E+09  0.631238E-02 -0.257749E+05
 -0.471587E+00  0.270653E+00  0.506859E+05 -0.772039E+00  0.878821E+03  0.183871E-02
 -0.420825E-01 -0.103843E+09 -0.126910E+02  0.750032E+10  0.278306E+01  0.185879E+07
  0.103843E+09 -0.462908E-01  0.899517E+03  0.466836E+01  0.750034E+10 -0.350688E-03
 -0.496579E-05 -0.257749E+05 -0.321167E-02  0.186096E+07 -0.767130E-04  0.461370E+03
 1.4835
  0.129613E+07  0.256917E-02  0.289739E-01  0.550504E-01  0.941692E+08 -0.530528E-04
 -0.215041E-02  0.129612E+07  0.242945E+00 -0.941688E+08 -0.181087E-01 -0.232005E+05
 -0.101707E+01 -0.154471E+00  0.428066E+05  0.172848E+02  0.727897E+03  0.161866E-02
  0.934409E-01 -0.940554E+08 -0.749410E+01  0.683536E+10 -0.134439E+01  0.168359E+07
  0.940556E+08 -0.108652E+00  0.798312E+03 -0.463583E-01  0.683536E+10 -0.121102E-02
  0.233432E-04 -0.232006E+05 -0.364243E-02  0.168563E+07  0.131288E-02  0.415289E+03
 1.5305
  0.116853E+07  0.116769E-04  0.562078E+00  0.171884E-01  0.853895E+08 -0.207994E-04
  0.116769E-03  0.116853E+07  0.124318E+00 -0.853892E+08  0.941623E-01 -0.209166E+05
 -0.511123E+01 -0.142633E-01  0.358810E+05 -0.114485E+02  0.596203E+03 -0.420436E-03
 -0.156937E-01 -0.852837E+08 -0.679931E+01  0.623312E+10  0.320451E+01  0.152658E+07
  0.852843E+08 -0.128539E+00  0.745174E+03 -0.478285E+01  0.623314E+10  0.338629E-03
 -0.187925E-04 -0.209166E+05 -0.161031E-02  0.152847E+07  0.159973E-02  0.374407E+03
 1.5776
  0.105622E+07 -0.247938E-02  0.148469E+01  0.570016E-01  0.775895E+08  0.101552E-04
  0.565684E-03  0.105622E+07  0.249954E-01 -0.775892E+08 -0.238791E-01 -0.189063E+05
  0.661248E-01 -0.987539E-02  0.298702E+05  0.692686E+00  0.541232E+03  0.876828E-05
  0.539205E-01 -0.774900E+08 -0.294001E+01  0.569288E+10 -0.463408E+01  0.138707E+07
  0.774905E+08 -0.117855E+00  0.781668E+03 -0.803569E+01  0.569291E+10 -0.174519E-02
 -0.470149E-05 -0.189064E+05 -0.150354E-02  0.138885E+07 -0.167298E-02  0.338423E+03
 1.6246
  0.957376E+06 -0.125187E-02  0.298620E+01  0.428363E-01  0.706666E+08  0.476424E-04
  0.185921E-03  0.957377E+06  0.145669E+00 -0.706660E+08 -0.293508E-01 -0.171371E+05
  0.315938E+01  0.205025E-01  0.247093E+05 -0.553768E+01  0.439473E+03 -0.110103E-02
 -0.301441E-01 -0.705731E+08 -0.627274E+00  0.520922E+10 -0.832611E+01  0.126326E+07
  0.705738E+08  0.396632E-01  0.916605E+03  0.132507E+02  0.520923E+10  0.867633E-04
  0.154935E-05 -0.171371E+05 -0.118404E-02  0.126492E+07  0.102877E-02  0.306753E+03
 1.6717
  0.870401E+06  0.146030E-02  0.507699E+01  0.130598E-01  0.645292E+08 -0.213226E-04
 -0.637685E-04  0.870424E+06  0.114995E+00 -0.645287E+08 -0.131414E+00 -0.155806E+05
  0.343960E+01 -0.366079E-01  0.203270E+05 -0.577896E+00  0.286227E+03  0.649019E-04
  0.897861E-02 -0.644423E+08 -0.424464E+01  0.477716E+10 -0.543287E+01  0.115352E+07
  0.644426E+08 -0.130598E-01  0.112025E+04 -0.397018E+01  0.477711E+10 -0.135189E-02
  0.617758E-05 -0.155806E+05 -0.275530E-02  0.115506E+07  0.247422E-02  0.278892E+03
 1.7187
  0.793935E+06  0.373710E-03  0.382994E+00 -0.503526E-02  0.590904E+08  0.106540E-04
  0.131126E-04  0.793938E+06  0.611967E-01 -0.590897E+08 -0.243371E-01 -0.142115E+05
  0.372258E+01  0.283233E-02  0.166474E+05 -0.205229E+01  0.106764E+03  0.301693E-03
 -0.671367E-02 -0.590110E+08 -0.604440E+01  0.439147E+10  0.131588E+02  0.105629E+07
  0.590104E+08  0.646191E-01  0.228040E+03  0.161128E+00  0.439144E+10 -0.141617E-02
  0.252009E-04 -0.142115E+05 -0.262255E-02  0.105771E+07 -0.174398E-02  0.254386E+03
 1.7657
  0.726554E+06 -0.105078E-02  0.570656E+00  0.379360E-01  0.542678E+08 -0.210494E-05
  0.134716E-04  0.726560E+06  0.642207E-01 -0.542674E+08  0.517309E-01 -0.130054E+05
  0.618901E+01 -0.318519E-01  0.135929E+05  0.555805E+01 -0.230047E+02  0.713310E-04
 -0.775963E-02 -0.541942E+08 -0.225116E+01  0.404715E+10 -0.121395E+01  0.970074E+06
  0.541934E+08  0.319007E-01  0.131659E+03  0.728371E+01  0.404711E+10  0.269432E-04
 -0.323108E-04 -0.130054E+05  0.839606E-04  0.971384E+06 -0.565807E-03  0.232796E+03
 1.8128
  0.667187E+06 -0.898985E-04  0.483405E+00 -0.584202E-01  0.499891E+08  0.411674E-04
 -0.428746E-03  0.667188E+06  0.334924E-01 -0.499889E+08 -0.108874E+00 -0.119426E+05
 -0.116515E+01  0.156994E-01  0.110932E+05  0.683272E+01  0.226477E+03 -0.172714E-02
 -0.100908E+00 -0.499211E+08 -0.308067E+01  0.373961E+10  0.453199E+00  0.893588E+06
  0.499205E+08 -0.141625E-01 -0.200434E+02 -0.396549E+00  0.373956E+10  0.276611E-03
  0.108051E-04 -0.119426E+05 -0.118691E-02  0.894799E+06  0.497899E-03  0.213773E+03
 1.8598
  0.614580E+06 -0.815895E-03 -0.174758E+00  0.703798E-01  0.461760E+08  0.202865E-04
  0.125577E-02  0.614574E+06  0.288578E-02 -0.461759E+08  0.408657E-02 -0.110009E+05
  0.457937E+00 -0.213640E-02  0.919251E+04  0.128154E+01  0.163452E+03 -0.412492E-03
  0.240653E-01 -0.461130E+08 -0.464927E+01  0.346396E+10  0.255728E+01  0.825422E+06
  0.461125E+08 -0.780988E-01 -0.430830E+03  0.238292E+01  0.346393E+10 -0.695284E-03
 -0.676217E-05 -0.110009E+05 -0.118804E-02  0.826547E+06  0.140476E-02  0.196915E+03
 1.9069
  0.567971E+06 -0.174581E-03 -0.372207E+00  0.274674E-01  0.427771E+08  0.659225E-05
 -0.123662E-03  0.567969E+06  0.150776E-01 -0.427761E+08  0.137803E+00 -0.101666E+05
 -0.188090E+01  0.196254E-01  0.243285E+04 -0.104667E+01 -0.936685E+00  0.225067E-03
 -0.260708E-01 -0.427196E+08 -0.487046E+01  0.321686E+10  0.119181E+01  0.764680E+06
  0.427188E+08  0.162942E-01  0.808566E+01 -0.115605E+02  0.321684E+10 -0.466277E-02
  0.829714E-05 -0.101667E+05 -0.437305E-04  0.765692E+06 -0.785614E-03  0.181983E+03
 1.9539
  0.526467E+06  0.603748E-03  0.111054E+01 -0.939760E-01  0.397342E+08  0.215458E-04
  0.991339E-03  0.526493E+06  0.299386E-01 -0.397341E+08 -0.477035E-03 -0.942419E+04
 -0.174983E+00  0.314093E-01  0.544405E+04 -0.392871E+01  0.100899E+03  0.303985E-03
  0.448413E-01 -0.396846E+08 -0.196861E+01  0.299467E+10 -0.738832E+01  0.710352E+06
  0.396826E+08 -0.166962E-01  0.178188E+03  0.152651E+00  0.299454E+10 -0.265351E-02
  0.256220E-05 -0.942421E+04 -0.446143E-03  0.711240E+06  0.916802E-03  0.168693E+03
 2.0010
  0.489420E+06 -0.335859E-03  0.543624E+01 -0.766979E-01  0.370011E+08 -0.201563E-04
 -0.870179E-03  0.489418E+06  0.259603E-01 -0.370041E+08  0.180753E-01 -0.876057E+04
 -0.222372E+01 -0.944316E-02  0.450366E+04 -0.306559E+01  0.778430E+02 -0.660074E-04
  0.337080E-01 -0.369595E+08  0.889231E+00  0.279423E+10 -0.275135E+01  0.661575E+06
  0.369577E+08 -0.610652E-01 -0.167792E+03 -0.175086E+01  0.279416E+10  0.320592E-03
  0.107341E-05 -0.876059E+04 -0.344014E-03  0.662373E+06  0.763315E-05  0.156814E+03
 2.0480
  0.456174E+06  0.773449E-03  0.648116E+01  0.250004E-02  0.345427E+08  0.158694E-05
 -0.171878E-03  0.456151E+06  0.262358E-01 -0.345439E+08 -0.390006E-01 -0.816510E+04
  0.104972E+02 -0.203328E-01  0.366374E+04  0.433797E+01  0.409349E+03  0.322637E-03
 -0.215003E-01 -0.345040E+08  0.159277E+01  0.261282E+10 -0.387206E+01  0.617622E+06
  0.345074E+08  0.113502E+00  0.227657E+04 -0.211203E+01  0.261297E+10  0.328130E-02
  0.878920E-05 -0.816501E+04 -0.177234E-03  0.618334E+06  0.851576E-03  0.146154E+03
 2.0951
  0.426194E+06 -0.599407E-03  0.523864E+01  0.930919E-01  0.323177E+08  0.138613E-04
 -0.156645E-02  0.426184E+06 -0.457747E-02 -0.323181E+08  0.163678E-01 -0.762869E+04
  0.945796E+01  0.117763E-01  0.295770E+04  0.331889E+01  0.288416E+03  0.403967E-03
 -0.485919E-01 -0.322823E+08 -0.698061E+00  0.244812E+10 -0.114575E+01  0.577851E+06
  0.322832E+08  0.152937E+00  0.168275E+04 -0.294620E+00  0.244813E+10 -0.268534E-02
  0.203549E-04 -0.762870E+04 -0.392830E-03  0.578494E+06 -0.591415E-03  0.136553E+03
 2.1421
  0.398839E+06  0.187946E-03  0.139116E+01 -0.742632E-01  0.302847E+08 -0.204289E-05
  0.184677E-02  0.398865E+06  0.218998E-02 -0.302854E+08  0.930904E-01 -0.713969E+04
  0.468394E-01  0.351505E-02  0.236103E+04  0.136730E+01  0.449271E+02 -0.159768E-03
  0.779240E-01 -0.302470E+08 -0.530432E+00  0.229699E+10 -0.401649E+00  0.541421E+06
  0.302486E+08  0.130745E-01  0.849054E+03  0.746397E+01  0.229707E+10 -0.122573E-03
  0.125127E-04 -0.713940E+04 -0.326144E-03  0.542105E+06  0.776298E-03  0.127795E+03
 2.1892
  0.373833E+06 -0.643030E-03 -0.157764E+02  0.256544E-01  0.284220E+08  0.000000E+00
 -0.325690E-03  0.373822E+06 -0.172762E-03 -0.284225E+08  0.454296E-01 -0.669140E+04
  0.194447E+01 -0.458002E-02  0.186714E+04  0.134789E+01 -0.271797E+02 -0.363767E-04
 -0.133617E-01 -0.283832E+08 -0.160540E+01  0.215829E+10  0.495985E+01  0.508059E+06
  0.283828E+08 -0.448952E-01  0.530229E+03 -0.229179E+01  0.215825E+10  0.367445E-03
  0.123961E-04 -0.669129E+04 -0.281603E-03  0.508759E+06 -0.459307E-03  0.119774E+03
 2.2362
  0.350794E+06 -0.375342E-03 -0.193863E+01  0.103185E+00  0.267089E+08 -0.283906E-04
 -0.170610E-03  0.350855E+06  0.155538E-01 -0.267099E+08  0.922659E-01 -0.628030E+04
  0.105011E-01 -0.599748E-02  0.146293E+04  0.109738E+01  0.271196E+02 -0.365312E-03
  0.458600E-01 -0.266667E+08 -0.142859E+01  0.203034E+10  0.335433E+01  0.477334E+06
  0.266668E+08  0.127753E+00  0.177362E+04  0.684842E+01  0.203032E+10 -0.946886E-03
 -0.719761E-05 -0.628021E+04 -0.154824E-03  0.478107E+06  0.409464E-03  0.112415E+03
 2.2833
  0.329679E+06  0.958097E-03 -0.275326E+01 -0.741393E-01  0.251245E+08 -0.285796E-05
  0.461629E-03  0.329661E+06 -0.653466E-02 -0.251246E+08  0.390207E-02 -0.590092E+04
  0.212175E-01 -0.206443E-01  0.111901E+04  0.120788E+01  0.211871E+02 -0.114331E-03
 -0.161657E-01 -0.250819E+08  0.126800E+01  0.191180E+10  0.927577E+00  0.448965E+06
  0.250814E+08 -0.501695E-01 -0.368029E+03  0.592223E+01  0.191177E+10 -0.426789E-03
 -0.159229E-04 -0.590076E+04 -0.136502E-03  0.449728E+06 -0.139360E-02  0.105624E+03
 2.3303
  0.309327E+06  0.177789E-04 -0.563242E+01  0.110371E+00  0.236027E+08  0.101395E-04
  0.118674E-02  0.309317E+06  0.267461E-02 -0.236017E+08 -0.403936E-01 -0.553677E+04
  0.150587E-01 -0.984395E-02  0.835923E+03  0.696915E+00  0.156892E+02 -0.148916E-03
  0.386869E-01 -0.235552E+08  0.297796E+00  0.179760E+10  0.254878E+01  0.421638E+06
  0.235541E+08 -0.108096E-01 -0.103972E+04 -0.688171E+01  0.179757E+10  0.933392E-03
  0.106951E-04 -0.553625E+04 -0.427631E-04  0.422463E+06  0.382246E-03  0.990987E+02
 2.3774
  0.283689E+06 -0.816203E-04  0.710370E+01 -0.771946E-01  0.217313E+08 -0.467616E-05
 -0.662031E-03  0.283652E+06 -0.732315E-03 -0.217314E+08 -0.464329E-02 -0.507736E+04
 -0.293369E+01 -0.295774E-02  0.594310E+03 -0.315798E+00  0.492830E+02  0.133603E-03
  0.615235E-01 -0.216136E+08 -0.668379E+00  0.165624E+10 -0.115153E+01  0.386882E+06
  0.216145E+08 -0.145103E-01 -0.846523E+03 -0.579482E+01  0.165617E+10  0.734582E-03
 -0.566807E-06 -0.507457E+04  0.416781E-04  0.388953E+06 -0.888754E-03  0.908347E+02
 2.4244
  0.296029E+06  0.499413E-03 -0.171238E+01 -0.147974E-01  0.224406E+08  0.114160E-04
 -0.171095E-03  0.295962E+06  0.133009E-01 -0.224395E+08 -0.319624E-01 -0.529771E+04
  0.661352E-01 -0.631520E-02  0.414966E+03 -0.325950E+00  0.577899E+01  0.686878E-04
  0.337381E-01 -0.226004E+08  0.621325E+00  0.171300E+10  0.647772E+01  0.404546E+06
  0.225999E+08 -0.733952E-01  0.663319E+03  0.909154E+00  0.171322E+10 -0.332942E-03
  0.320803E-04 -0.529708E+04 -0.688210E-05  0.401657E+06  0.240458E-03  0.948174E+02
 2.4715
  0.269318E+06 -0.824938E-03 -0.138392E+02  0.899041E-01  0.205315E+08  0.195186E-04
 -0.518532E-04  0.269360E+06 -0.284162E-02 -0.205305E+08 -0.718026E-01 -0.482154E+04
 -0.799289E+00  0.103397E-02  0.277767E+03  0.127672E+00 -0.123458E+02 -0.928814E-04
 -0.603383E-03 -0.205680E+08 -0.231605E+00  0.156816E+10  0.131296E+01  0.368167E+06
  0.205670E+08  0.307725E-01 -0.111332E+04 -0.131296E+01  0.156826E+10  0.260209E-02
 -0.441931E-05 -0.482172E+04  0.271097E-04  0.367498E+06 -0.848507E-04  0.863086E+02
 2.5185
  0.252916E+06  0.182539E-03  0.166914E+01  0.199832E-01  0.193165E+08 -0.675515E-05
  0.264202E-03  0.252928E+06 -0.327100E-02 -0.193167E+08  0.187535E-01 -0.452741E+04
 -0.223715E+01  0.625107E-02  0.183670E+03  0.177044E+00  0.652438E+01  0.356475E-04
  0.273617E-01 -0.193326E+08 -0.228943E+00  0.147662E+10 -0.236110E+00  0.346052E+06
  0.193326E+08  0.534936E-01 -0.644407E+02  0.507636E+01  0.147660E+10  0.192147E-03
 -0.113336E-04 -0.452771E+04  0.489749E-05  0.345772E+06 -0.864660E-04  0.810459E+02
 2.5656
  0.238638E+06 -0.631249E-03  0.586959E+01 -0.344495E-02  0.182492E+08  0.955742E-05
  0.195736E-03  0.238648E+06 -0.503409E-03 -0.182494E+08  0.313178E-01 -0.427180E+04
 -0.500595E-02 -0.142673E-03  0.128038E+03  0.283357E+00  0.216406E+01 -0.229235E-04
 -0.450976E-01 -0.182556E+08  0.135019E+00  0.139613E+10  0.164356E+01  0.326774E+06
  0.182559E+08  0.638882E-01  0.303673E+03  0.962082E+00  0.139613E+10 -0.489340E-03
  0.259962E-05 -0.427183E+04 -0.985227E-04  0.326665E+06  0.978680E-05  0.764657E+02
 2.6126
  0.225664E+06  0.298988E-04  0.564231E+00  0.433732E-01  0.172767E+08  0.545031E-06
 -0.214275E-03  0.225664E+06  0.945550E-03 -0.172763E+08  0.570868E-01 -0.403937E+04
 -0.258575E-01 -0.226258E-02  0.964243E+02  0.356513E+00  0.155633E+01 -0.873168E-04
  0.328488E-01 -0.172769E+08 -0.792518E-01  0.132274E+10 -0.330657E+01  0.309257E+06
  0.172769E+08  0.414597E-02  0.150336E+03 -0.151041E+01  0.132276E+10  0.637841E-03
 -0.692967E-05 -0.403942E+04 -0.134214E-04  0.309247E+06 -0.368752E-03  0.723056E+02
 2.6596
  0.213649E+06  0.517433E-03 -0.779838E+01 -0.496736E-01  0.163746E+08  0.705446E-05
 -0.213061E-03  0.213639E+06 -0.311110E-02 -0.163750E+08  0.422063E-02 -0.382414E+04
  0.577800E-02  0.763467E-03  0.890710E+02  0.462397E+00  0.219732E+01  0.310862E-05
 -0.155839E-01 -0.163685E+08 -0.303581E+00  0.125453E+10  0.261809E+01  0.292996E+06
  0.163687E+08  0.181812E-01 -0.920519E+01 -0.245186E+01  0.125454E+10  0.527579E-03
  0.348760E-05 -0.382410E+04  0.149461E-04  0.293112E+06 -0.629036E-03  0.684513E+02
 2.7067
  0.202443E+06 -0.216830E-03  0.152586E+02  0.389880E-01  0.155332E+08 -0.774391E-05
 -0.826017E-03  0.202414E+06 -0.357027E-03 -0.155338E+08 -0.627773E-02 -0.362320E+04
 -0.436085E-01  0.607090E-03  0.957705E+02  0.124192E+00  0.196642E+01  0.688961E-04
 -0.558388E-01 -0.155216E+08  0.158719E+00  0.119078E+10  0.471557E+01  0.277836E+06
  0.155230E+08  0.561692E-01  0.269521E+03 -0.120532E+01  0.119086E+10  0.877643E-04
 -0.725992E-05 -0.362321E+04  0.458534E-04  0.278054E+06 -0.893131E-03  0.648554E+02
 2.7537
  0.192007E+06  0.688057E-03  0.219458E+01  0.289089E-01  0.147437E+08  0.500614E-05
 -0.105047E-03  0.192008E+06 -0.111645E-02 -0.147439E+08  0.689107E-01 -0.343693E+04
  0.134445E+01 -0.274763E-03  0.109947E+03  0.169293E+00  0.208885E+02 -0.422137E-05
 -0.840375E-02 -0.147328E+08  0.165239E-01  0.113117E+10  0.372185E+01  0.263716E+06
  0.147327E+08  0.312619E-01  0.212826E+03 -0.346369E+01  0.113115E+10  0.115552E-02
  0.886333E-05 -0.343694E+04 -0.240895E-04  0.263915E+06 -0.682805E-04  0.615211E+02
 2.8008
  0.182253E+06 -0.550234E-03 -0.431058E+00 -0.136757E-01  0.140036E+08  0.250410E-06
 -0.747891E-04  0.182297E+06  0.116708E-02 -0.140051E+08 -0.885503E-01 -0.326311E+04
 -0.774989E+01  0.122839E-02  0.112067E+03 -0.668775E-01  0.170421E+02  0.351617E-04
  0.160690E-01 -0.139901E+08  0.320845E-01  0.107514E+10 -0.284455E+00  0.250423E+06
  0.139919E+08  0.287190E-01  0.345251E+03  0.656435E-01  0.107516E+10  0.117526E-03
  0.167775E-04 -0.326313E+04 -0.136865E-04  0.250691E+06  0.267104E-03  0.584098E+02
 2.8478
  0.173057E+06  0.304182E-03 -0.245178E+00 -0.938617E-02  0.133095E+08  0.789310E-05
  0.999454E-03  0.173061E+06  0.672357E-03 -0.133097E+08 -0.869090E-02 -0.309779E+04
  0.419996E+01  0.276068E-02  0.117221E+03  0.145654E+00  0.245847E+02 -0.449623E-04
 -0.566647E-01 -0.132938E+08 -0.411514E-01  0.102237E+10 -0.222487E+01  0.237958E+06
  0.132940E+08  0.365018E-01 -0.675245E+02  0.329281E+01  0.102237E+10 -0.217273E-04
 -0.458309E-05 -0.309781E+04  0.319066E-05  0.238244E+06  0.184682E-03  0.554507E+02
 2.8949
  0.164513E+06 -0.574241E-03 -0.169109E+01  0.392251E-01  0.126576E+08 -0.862742E-06
 -0.237427E-03  0.164482E+06 -0.762664E-03 -0.126591E+08 -0.629015E-01 -0.294422E+04
  0.155927E+01  0.440042E-03  0.303919E+03  0.646601E-01 -0.225854E+02  0.161912E-04
  0.282703E-02 -0.126412E+08  0.117013E+00  0.972848E+09 -0.404831E+01  0.226276E+06
  0.126427E+08  0.116615E-01  0.712101E+03 -0.294011E+00  0.972980E+09  0.999400E-03
  0.379607E-05 -0.294422E+04  0.242983E-04  0.226598E+06 -0.386508E-03  0.527015E+02
 2.9419
  0.156443E+06  0.454514E-03 -0.246140E+01  0.179561E-01  0.120467E+08 -0.147296E-04
 -0.224451E-04  0.156460E+06 -0.221383E-03 -0.120450E+08  0.254977E-01 -0.280062E+04
  0.132102E+02  0.847304E-03  0.165544E+03 -0.864138E-02  0.284065E+03  0.138563E-04
 -0.208291E-01 -0.120290E+08 -0.642099E-01  0.926339E+09  0.119516E+01  0.215318E+06
  0.120288E+08 -0.219065E-01 -0.287161E+03 -0.114919E+01  0.926335E+09 -0.196395E-03
 -0.113102E-04 -0.280063E+04 -0.152214E-04  0.215606E+06  0.336677E-04  0.501311E+02
 2.9890
  0.148933E+06  0.114020E-02 -0.264444E+02 -0.284595E-01  0.114690E+08 -0.141635E-04
  0.307855E-03  0.148870E+06  0.261802E-03 -0.114701E+08  0.948650E-02 -0.266478E+04
  0.741393E+01  0.100665E-02  0.136101E+03 -0.408136E-01  0.153661E+03  0.140514E-04
  0.291892E-02 -0.114504E+08  0.371821E-01  0.882358E+09 -0.172800E+01  0.204962E+06
  0.114525E+08  0.839190E-02  0.506857E+03  0.565103E+01  0.882469E+09 -0.324958E-03
  0.204880E-04 -0.266473E+04  0.978193E-05  0.205314E+06 -0.575803E-03  0.476986E+02
 3.0360
  0.141543E+06  0.146506E-02 -0.175613E+02 -0.296487E-01  0.109208E+08 -0.110386E-04
 -0.457470E-03  0.141597E+06  0.243483E-03 -0.109198E+08 -0.222365E-01 -0.253458E+04
  0.304725E+01 -0.139431E-03  0.110814E+03  0.217761E-01 -0.251102E+02  0.239402E-04
  0.192716E-01 -0.108948E+08 -0.127339E-01  0.840261E+09  0.211099E+01  0.195017E+06
  0.108950E+08  0.830163E-01  0.231731E+03  0.128082E+01  0.840247E+09  0.220049E-03
 -0.280490E-05 -0.253455E+04 -0.736144E-05  0.195465E+06  0.115815E-03  0.453684E+02
 3.0831
  0.134559E+06 -0.112317E-02 -0.937323E+01 -0.237101E-01  0.103879E+08 -0.203980E-04
 -0.158773E-03  0.134554E+06  0.988198E-04 -0.103868E+08 -0.519365E-01 -0.240852E+04
  0.522712E+01  0.805995E-03  0.804117E+02  0.235117E-01  0.495391E+02  0.144898E-04
  0.000000E+00 -0.103563E+08 -0.993803E-02  0.799490E+09  0.481730E-01  0.185378E+06
  0.103556E+08 -0.368824E-01  0.428731E+03 -0.416696E+01  0.799489E+09 -0.235220E-04
 -0.597237E-05 -0.240843E+04 -0.702328E-05  0.185922E+06 -0.135251E-03  0.431108E+02
 3.1301
  0.127438E+06  0.552246E-03 -0.112070E+02  0.118449E-01  0.985031E+07  0.139927E-05
 -0.459707E-03  0.127427E+06 -0.219219E-05 -0.985005E+07  0.802398E-02 -0.228094E+04
 -0.154931E+02  0.388508E-03  0.259632E+02  0.401050E-02  0.320674E+03 -0.925014E-05
  0.133733E-01 -0.981058E+07 -0.454036E-02  0.758402E+09 -0.300785E+01  0.175609E+06
  0.981047E+07 -0.106986E-01 -0.347270E+03 -0.195632E+01  0.758429E+09 -0.137315E-03
  0.970162E-05 -0.228073E+04 -0.908069E-06  0.176312E+06  0.656725E-03  0.408251E+02
 3.1772
  0.119236E+06  0.315118E-03  0.126871E+01  0.000000E+00  0.924320E+07  0.142977E-04
  0.506007E-03  0.119212E+06  0.477459E-04 -0.924327E+07  0.736891E-01 -0.213388E+04
 -0.423833E+01 -0.669460E-03  0.180532E+02  0.296862E-01  0.654948E+02  0.217521E-05
 -0.224946E-01 -0.918107E+07  0.361992E-01  0.711722E+09 -0.151412E+01  0.164341E+06
  0.918140E+07 -0.159013E-01  0.388011E+03 -0.399628E+01  0.711730E+09  0.357538E-03
  0.274592E-05 -0.213378E+04  0.274592E-05  0.165453E+06  0.351478E-03  0.381946E+02
 3.2242
  0.103487E+06 -0.267512E-03  0.819034E+01 -0.184983E-01  0.811096E+07 -0.730277E-05
  0.504275E-03  0.103523E+06 -0.526424E-03 -0.811046E+07  0.865877E-02 -0.185305E+04
 -0.496122E+00 -0.125012E-03  0.904479E+00 -0.384402E-01  0.109736E+02  0.465356E-05
  0.122010E-01 -0.797520E+07 -0.358385E-01  0.624867E+09  0.241816E+01  0.142756E+06
  0.797490E+07  0.177111E-01  0.136418E+04  0.705297E+00  0.624784E+09  0.430479E-04
 -0.163351E-05 -0.185338E+04  0.119071E-04  0.145179E+06 -0.209090E-03  0.331755E+02
 3.2713
  0.146301E+06  0.652021E-03 -0.871247E+01 -0.275533E-01  0.110496E+08 -0.102853E-04
 -0.246458E-03  0.146247E+06 -0.774567E-03 -0.110479E+08  0.858546E-02 -0.261782E+04
  0.107672E+01  0.316383E-03 -0.107017E+02 -0.679006E-02 -0.249800E+02 -0.802836E-05
  0.549070E-01 -0.112649E+08 -0.235838E+00  0.850922E+09 -0.176341E+01  0.201642E+06
  0.112700E+08  0.325449E-01  0.217431E+03 -0.613361E+00  0.851331E+09  0.455479E-03
  0.365592E-05 -0.261838E+04  0.158423E-06  0.197768E+06 -0.155986E-03  0.468690E+02
 3.3183
  0.119533E+06  0.949375E-05  0.460575E+01  0.405067E-01  0.915374E+07 -0.642806E-06
  0.329117E-03  0.119498E+06  0.390826E-03 -0.915440E+07 -0.271395E-01 -0.213901E+04
 -0.290063E+00  0.688421E-04 -0.169211E+02 -0.172193E-01  0.182280E+01  0.843876E-06
 -0.486080E-02 -0.920940E+07 -0.288072E-01  0.705508E+09 -0.674031E+00  0.164848E+06
  0.921151E+07 -0.194432E-01  0.435531E+02  0.357755E+01  0.705574E+09  0.291142E-03
  0.929597E-05 -0.213988E+04  0.107083E-04  0.163877E+06  0.575954E-03  0.383037E+02
 3.3654
  0.111671E+06 -0.259966E-03 -0.324692E+02  0.328648E-02  0.857782E+07 -0.395665E-04
 -0.224662E-03  0.111646E+06  0.427258E-03 -0.857722E+07 -0.575134E-01 -0.199847E+04
  0.526400E+01  0.128328E-03 -0.176426E+02  0.209770E-01  0.303737E+03 -0.590215E-06
 -0.184864E-01 -0.860692E+07  0.486906E-01  0.661131E+09 -0.210335E+00  0.154064E+06
  0.860736E+07 -0.718917E-02 -0.318335E+02  0.123572E+01  0.661128E+09 -0.770269E-04
  0.130384E-05 -0.199861E+04  0.685848E-05  0.153534E+06  0.173310E-03  0.357750E+02
 3.4124
  0.105972E+06  0.162716E-03 -0.349331E+02  0.422801E-01  0.814401E+07 -0.279668E-04
  0.240820E-03  0.105927E+06  0.745443E-04 -0.814631E+07  0.170787E-01 -0.189609E+04
 -0.652261E+01 -0.185331E-03 -0.115652E+02  0.112372E-01 -0.147318E+03  0.374851E-05
  0.262428E-01 -0.816695E+07 -0.191517E-01  0.628159E+09  0.221273E+01  0.146188E+06
  0.816944E+07  0.000000E+00  0.854228E+03  0.237269E+01  0.628216E+09 -0.338449E-03
 -0.116444E-04 -0.189613E+04  0.813302E-05  0.145820E+06  0.162716E-03  0.339407E+02
 3.4594
  0.100795E+06  0.214447E-03 -0.342678E+01 -0.445522E-01  0.776353E+07 -0.417553E-05
 -0.128668E-03  0.100823E+06  0.217849E-03 -0.776244E+07 -0.232263E-02 -0.180473E+04
 -0.584696E+01  0.159901E-03 -0.467387E+01 -0.703304E-02 -0.134945E+02  0.558580E-05
  0.950166E-02 -0.777573E+07  0.950001E-02  0.598756E+09  0.648647E+00  0.139185E+06
  0.777413E+07 -0.152027E-01 -0.955704E+03  0.189189E+00  0.598723E+09  0.382706E-03
  0.850572E-05 -0.180471E+04 -0.150018E-05  0.138947E+06 -0.125369E-03  0.323042E+02
 3.5065
  0.959540E+05  0.902895E-04 -0.660493E+01  0.271805E-01  0.740528E+07  0.229904E-05
 -0.100322E-03  0.959718E+05  0.125898E-03 -0.740434E+07  0.577853E-01 -0.171789E+04
 -0.568772E+00  0.630211E-04  0.958686E+01 -0.443087E-04  0.197026E+02  0.195828E-05
  0.406637E-02 -0.740714E+07 -0.551435E-02  0.571131E+09  0.230114E+01  0.132588E+06
  0.740366E+07 -0.877480E-02 -0.285693E+04  0.312297E+01  0.570960E+09  0.101659E-02
  0.114952E-05 -0.171788E+04  0.228189E-06  0.132537E+06  0.247460E-03  0.307500E+02
 3.5535
  0.914725E+05 -0.474449E-03 -0.366549E+01 -0.240749E-01  0.706004E+07  0.413025E-05
 -0.169446E-04  0.914344E+05 -0.337701E-04 -0.706058E+07  0.145317E-01 -0.163667E+04
  0.509432E+00  0.896311E-04  0.183439E+02  0.141721E-01 -0.512345E+01  0.400263E-05
  0.190864E-01 -0.706107E+07  0.226211E-02  0.544955E+09 -0.666289E+00  0.126393E+06
  0.706166E+07 -0.210384E-01  0.316196E+03  0.471955E+00  0.544982E+09 -0.460894E-03
 -0.264760E-05 -0.163668E+04  0.224839E-06  0.126384E+06  0.345670E-03  0.292965E+02
 3.6006
  0.871046E+05  0.480731E-03  0.707842E+02  0.246134E-01  0.672983E+07  0.145400E-04
  0.106448E-03  0.870961E+05 -0.368864E-05 -0.673038E+07  0.219763E-01 -0.155902E+04
  0.186319E+01  0.402666E-04  0.446174E+01  0.593381E-02  0.161784E+03 -0.566657E-06
 -0.769169E-02 -0.672552E+07 -0.134433E-02  0.519716E+09  0.205346E+01  0.120387E+06
  0.672628E+07  0.134055E-01 -0.359506E+04 -0.151900E+01  0.519687E+09  0.000000E+00
 -0.804795E-06 -0.155903E+04 -0.628117E-06  0.120474E+06  0.607781E-03  0.279066E+02
 3.6476
  0.829199E+05  0.313079E-03  0.262789E+02  0.271614E-01  0.641488E+07 -0.684861E-05
 -0.146104E-03  0.829491E+05  0.607746E-04 -0.641514E+07  0.264935E-01 -0.148479E+04
 -0.799754E+00  0.162644E-03  0.231271E+02  0.103710E-01  0.781042E+02 -0.388032E-05
 -0.868273E-02 -0.640280E+07 -0.295556E-02  0.495500E+09 -0.612689E+00  0.114610E+06
  0.640377E+07  0.267161E-02 -0.885476E+03 -0.146760E+01  0.495477E+09  0.633116E-03
 -0.211981E-05 -0.148478E+04 -0.612757E-06  0.114831E+06 -0.556585E-03  0.265775E+02
 3.6947
  0.788788E+05  0.630711E-03  0.445307E+01  0.180405E-02  0.610867E+07 -0.726727E-05
 -0.140941E-03  0.788801E+05 -0.651474E-04 -0.610894E+07  0.699068E-02 -0.141195E+04
  0.690094E+01 -0.227076E-03  0.293948E+02 -0.542953E-02  0.250839E+03  0.621144E-06
  0.146579E-01 -0.609523E+07  0.177456E-01  0.472079E+09 -0.591727E+00  0.109105E+06
  0.609592E+07 -0.586315E-01  0.122555E+04  0.248237E+01  0.472144E+09  0.317117E-04
 -0.115616E-05 -0.141385E+04 -0.250081E-05  0.109321E+06  0.493294E-04  0.253079E+02
 3.7417
  0.748533E+05  0.203398E-03  0.768503E+01  0.187269E-01  0.580681E+07  0.111512E-05
  0.677995E-03  0.748644E+05  0.180175E-04 -0.580677E+07 -0.232945E-01 -0.134007E+04
  0.950650E+01 -0.118673E-04  0.277556E+02 -0.802554E-03  0.125673E+03 -0.335762E-06
  0.392809E-01 -0.578588E+07  0.805674E-02  0.448782E+09 -0.203164E+01  0.103567E+06
  0.578626E+07 -0.616618E-02 -0.353071E+03 -0.657726E+00  0.448810E+09 -0.535259E-03
 -0.992460E-05 -0.134014E+04 -0.293863E-06  0.103942E+06 -0.699405E-03  0.239885E+02
 3.7888
  0.704923E+05  0.758785E-04  0.103329E+02 -0.256686E-01  0.548848E+07  0.457303E-05
  0.361326E-05  0.705498E+05  0.413055E-03 -0.548522E+07  0.277499E-01 -0.126284E+04
  0.569574E+01  0.105937E-03  0.238335E+02 -0.416496E-02 -0.170777E+03 -0.858050E-06
 -0.124874E-01 -0.545590E+07 -0.116708E-01  0.423993E+09 -0.503197E+00  0.976605E+05
  0.545170E+07  0.120249E-01 -0.279315E+04 -0.739996E-01  0.423849E+09 -0.733492E-03
  0.237120E-05 -0.126284E+04  0.374057E-05  0.981858E+05  0.234862E-03  0.226049E+02
 3.8358
  0.650388E+05  0.278018E-03  0.164363E+01  0.749185E-02  0.507618E+07  0.251496E-05
 -0.131693E-03  0.650378E+05  0.107522E-03 -0.507403E+07  0.383957E-01 -0.116418E+04
  0.201958E+01 -0.418238E-04  0.852321E+01  0.441330E-02 -0.279729E+02  0.788494E-06
  0.100672E-01 -0.502898E+07  0.303881E-01  0.392364E+09 -0.389576E+00  0.900186E+05
  0.502663E+07  0.105354E-01 -0.758087E+03  0.194788E+01  0.392344E+09 -0.618224E-03
 -0.251496E-05 -0.116407E+04 -0.637672E-06  0.908246E+05 -0.113402E-03  0.208368E+02
 3.8829
  0.522800E+05 -0.318458E-03 -0.878578E+02 -0.616179E-02  0.415302E+07 -0.428159E-05
 -0.685054E-03  0.522978E+05 -0.547523E-03 -0.415402E+07  0.165894E-01 -0.936128E+03
  0.398144E+00 -0.246119E-04  0.279791E+01  0.680808E-02 -0.353535E+01  0.241989E-06
 -0.545081E-02 -0.404302E+07 -0.364523E-01  0.321168E+09 -0.109206E+01  0.723698E+05
  0.404283E+07 -0.111386E-01  0.464130E+03  0.245713E+01  0.321142E+09  0.259210E-03
  0.111669E-04 -0.936323E+03 -0.139798E-04  0.743610E+05 -0.666539E-04  0.167601E+02
 3.9299
  0.108620E+06  0.299829E-03 -0.622818E+01  0.863508E-02  0.807194E+07  0.527043E-06
 -0.346677E-03  0.108654E+06 -0.537467E-03 -0.807440E+07  0.575672E-02 -0.194490E+04
 -0.207453E+01  0.204367E-05 -0.251732E+01 -0.182298E-03  0.199509E+02 -0.665681E-06
  0.503713E-02 -0.839596E+07 -0.388466E+00  0.624099E+09 -0.368430E+00  0.150288E+06
  0.839741E+07  0.479727E-03 -0.771214E+03  0.133556E+01  0.624077E+09  0.228620E-03
 -0.240098E-05 -0.194438E+04 -0.241525E-04  0.144526E+06 -0.348551E-03  0.348044E+02
 3.9770
  0.756635E+05 -0.910256E-04 -0.395610E+00 -0.172342E-01  0.577942E+07  0.118523E-05
  0.417201E-04  0.757147E+05  0.327479E-03 -0.577901E+07  0.165060E-01 -0.135529E+04
 -0.473503E-01  0.706971E-06 -0.324248E+01 -0.909663E-04  0.160337E+00  0.700764E-07
 -0.631111E-02 -0.585155E+07  0.297199E-01  0.446974E+09  0.621401E-01  0.104743E+06
  0.585188E+07 -0.114085E-01  0.110537E+04 -0.121173E+01  0.446999E+09  0.113782E-04
  0.254824E-05 -0.135549E+04 -0.729240E-05  0.103447E+06  0.292040E-03  0.242632E+02
 4.0240
  0.687053E+05  0.594828E-03 -0.661549E+01  0.105611E-01  0.527891E+07  0.431730E-05
 -0.575640E-03  0.686842E+05 -0.114109E-03 -0.527834E+07  0.272623E-01 -0.122944E+04
 -0.467812E+00 -0.630239E-05 -0.305183E+01  0.189002E-03  0.165922E+02 -0.457770E-07
  0.564895E-02 -0.531371E+07  0.612961E-02  0.408070E+09  0.166619E+01  0.951154E+05
  0.531203E+07 -0.147364E-01 -0.949396E+03  0.503002E+00  0.408065E+09 -0.153504E-03
  0.917426E-05 -0.122941E+04  0.231113E-05  0.944815E+05  0.537264E-04  0.220063E+02
 4.0711
  0.644551E+05 -0.543546E-04 -0.191110E+02 -0.273326E-02  0.496603E+07  0.230522E-05
  0.931792E-04  0.645163E+05 -0.898200E-04 -0.496567E+07 -0.104361E-01 -0.115484E+04
  0.543569E+00  0.242062E-05  0.322575E-01  0.128455E-04  0.132912E+02 -0.868151E-07
 -0.223630E-02 -0.498791E+07 -0.927522E-02  0.384112E+09 -0.127221E+01  0.892834E+05
  0.498917E+07 -0.114300E-01 -0.997244E+03  0.461175E+00  0.384168E+09 -0.815318E-04
 -0.424645E-05 -0.115483E+04 -0.956162E-06  0.888851E+05 -0.660020E-03  0.206713E+02
 4.1181
  0.611004E+05 -0.327933E-03 -0.342753E+02 -0.904858E-02  0.471068E+07  0.902060E-05
  0.363279E-03  0.610659E+05  0.739444E-05 -0.471074E+07 -0.402159E-02 -0.109308E+04
 -0.112561E+02  0.470098E-04 -0.532832E+01 -0.289075E-04 -0.372379E+02 -0.499586E-05
 -0.246323E-01 -0.472385E+07 -0.173490E-02  0.364468E+09  0.434332E+00  0.845568E+05
  0.472494E+07 -0.103053E-01  0.132138E+04 -0.868664E+00  0.364517E+09 -0.981834E-04
  0.104320E-05 -0.109308E+04  0.198356E-05  0.843220E+05  0.314187E-03  0.195662E+02
 4.1652
  0.578852E+05 -0.212513E-03  0.368605E+02  0.152533E-02  0.447847E+07  0.104270E-04
 -0.119166E-04  0.579046E+05 -0.461226E-05 -0.447791E+07 -0.175413E-01 -0.103649E+04
 -0.767032E+01 -0.112995E-03  0.273384E+01 -0.429976E-03 -0.168284E+03  0.150623E-05
 -0.152533E-02 -0.448113E+07 -0.217553E-02  0.346405E+09 -0.488104E-01  0.802120E+05
  0.448128E+07  0.358452E-01 -0.184474E+04  0.130161E+00  0.346437E+09  0.349554E-03
  0.595831E-05 -0.103649E+04  0.166256E-06  0.801543E+05 -0.397220E-05  0.185531E+02
 4.2122
  0.548876E+05  0.558373E-03  0.402786E+02  0.352217E-01  0.425091E+07 -0.126161E-04
 -0.182777E-03  0.548701E+05  0.128897E-04 -0.425005E+07  0.169681E-01 -0.982172E+03
  0.104316E+01  0.243285E-04  0.177199E+02 -0.137020E-03  0.220442E+02  0.396866E-06
 -0.485905E-01 -0.424613E+07 -0.185997E-02  0.328862E+09 -0.740427E+00  0.760057E+05
  0.424702E+07 -0.125975E-01 -0.485997E+03 -0.264908E+01  0.328884E+09 -0.241024E-03
  0.175747E-05 -0.982173E+03 -0.345355E-06  0.760759E+05 -0.208888E-03  0.175809E+02
 4.2593
  0.518684E+05 -0.121858E-04  0.983038E+00  0.233968E-01  0.402355E+07  0.698146E-05
  0.353389E-03  0.518509E+05  0.699038E-04 -0.402347E+07 -0.124783E-01 -0.928128E+03
 -0.190666E+01 -0.219187E-04  0.454456E+01  0.206880E-02  0.322519E+02 -0.301619E-06
  0.103986E-02 -0.401473E+07 -0.787191E-02  0.311492E+09  0.166377E+00  0.718635E+05
  0.401387E+07  0.753896E-02  0.435931E+03 -0.281177E+01  0.311474E+09  0.487433E-04
  0.450621E-05 -0.928127E+03 -0.387501E-06  0.720202E+05  0.406194E-03  0.166135E+02
 4.3063
  0.488641E+05  0.223821E-03 -0.141048E+02 -0.972492E-02  0.378837E+07 -0.121921E-05
  0.114991E-03  0.487576E+05  0.218375E-04 -0.379125E+07 -0.118276E-01 -0.872760E+03
  0.572477E+00 -0.487357E-05  0.648811E+01 -0.373142E-03  0.374429E+01  0.259934E-06
 -0.218154E-01 -0.377518E+07 -0.192714E-01  0.293669E+09  0.126161E+01  0.675756E+05
  0.377526E+07  0.289119E-02  0.101500E+04  0.790610E+00  0.293649E+09 -0.464069E-03
 -0.340095E-05 -0.872862E+03  0.191278E-05  0.678656E+05  0.369613E-03  0.156242E+02
 4.3533
  0.453083E+05 -0.450457E-03 -0.347558E+01  0.180681E-01  0.353501E+07 -0.804387E-05
 -0.143233E-03  0.452983E+05  0.386949E-04 -0.353564E+07 -0.382618E-01 -0.810840E+03
 -0.173104E+01 -0.144893E-04  0.160551E+01  0.111771E-03  0.575171E+02 -0.155666E-06
 -0.504844E-02 -0.350623E+07 -0.299907E-02  0.273856E+09 -0.204063E+01  0.627615E+05
  0.350968E+07 -0.568613E-01  0.148039E+04  0.137743E+01  0.274036E+09 -0.415168E-03
 -0.197853E-05 -0.810949E+03 -0.673646E-05  0.632896E+05 -0.178522E-03  0.145160E+02
 4.4004
  0.404264E+05 -0.837210E-03  0.281984E+02 -0.349152E-02  0.318257E+07 -0.334412E-05
 -0.176255E-03  0.404143E+05  0.408901E-03 -0.318180E+07 -0.196062E-01 -0.723415E+03
  0.734730E+01 -0.127177E-04  0.129943E+02 -0.136073E-02 -0.181277E+03 -0.383901E-06
  0.241721E-02 -0.313233E+07  0.264592E-01  0.246448E+09 -0.996964E+00  0.560687E+05
  0.313083E+07 -0.206806E-01 -0.166749E+04  0.996964E+00  0.246412E+09  0.310544E-03
 -0.439326E-05 -0.723675E+03  0.142514E-05  0.569584E+05  0.230810E-03  0.129538E+02
 4.4474
  0.279418E+05 -0.214191E-03 -0.200469E+02 -0.658267E-01  0.228583E+07 -0.881418E-05
 -0.106035E-03  0.279607E+05  0.396307E-03 -0.228627E+07  0.388174E-01 -0.500495E+03
 -0.508811E+01 -0.295760E-04 -0.607225E+01 -0.425334E-03  0.112492E+03 -0.119374E-06
 -0.407175E-03 -0.216647E+07 -0.231623E-01  0.177063E+09 -0.712285E+00  0.387797E+05
  0.216621E+07 -0.111295E-01  0.420041E+03  0.503812E+00  0.177031E+09  0.848282E-05
 -0.152426E-05 -0.500574E+03 -0.194778E-04  0.409253E+05 -0.335071E-03  0.896027E+01
 4.4945
  0.729653E+05  0.214314E-03 -0.318316E+02  0.918978E-02  0.533678E+07 -0.786934E-05
  0.222886E-03  0.729731E+05 -0.925970E-03 -0.533758E+07  0.685804E-03 -0.130622E+04
  0.899056E+00 -0.128295E-04  0.362356E+01 -0.473734E-03 -0.109786E+03  0.464037E-07
  0.397767E-02 -0.565009E+07 -0.381436E-01  0.413317E+09 -0.500363E+00  0.101137E+06
  0.564989E+07 -0.809249E-02  0.225801E+03  0.122896E+01  0.413315E+09  0.535785E-04
 -0.133946E-06 -0.130622E+04 -0.447830E-04  0.955425E+05 -0.435057E-03  0.233813E+02
 4.5415
  0.549474E+05 -0.963680E-03  0.349305E+02  0.170474E-01  0.417516E+07  0.331603E-05
  0.428783E-03  0.549160E+05  0.512801E-04 -0.417297E+07 -0.817720E-02 -0.982997E+03
  0.254492E+01 -0.313966E-04 -0.169935E+01  0.505661E-03  0.152597E+03 -0.101459E-05
 -0.124737E-01 -0.425492E+07  0.817937E-02  0.323195E+09 -0.319327E+00  0.761628E+05
  0.425302E+07  0.207895E-02 -0.349646E+03 -0.177404E-01  0.323178E+09  0.251206E-03
  0.101511E-05 -0.983173E+03  0.366419E-05  0.746996E+05  0.216557E-04  0.175988E+02
 4.5886
  0.487409E+05  0.137844E-03 -0.312381E+02  0.232454E-01  0.372444E+07 -0.231450E-04
  0.743922E-04  0.486034E+05 -0.523660E-03 -0.372384E+07 -0.490114E-02 -0.870000E+03
  0.397203E+01 -0.833996E-04 -0.198953E+00 -0.395544E-02  0.214216E+03 -0.117812E-05
  0.140032E-03 -0.376050E+07  0.145984E-01  0.288244E+09 -0.519800E+00  0.673129E+05
  0.376132E+07  0.106425E-01 -0.848810E+03  0.000000E+00  0.288387E+09 -0.258185E-03
  0.222219E-05 -0.869963E+03 -0.315594E-05  0.666563E+05  0.980227E-03  0.155723E+02
 4.6356
  0.451113E+05 -0.442088E-04 -0.346964E+02 -0.159859E-01  0.346323E+07 -0.335020E-05
 -0.156941E-03  0.450006E+05  0.108078E-03 -0.346342E+07 -0.116004E-01 -0.805509E+03
 -0.890555E+01 -0.601897E-04  0.124520E+01  0.623344E-03 -0.318622E+03  0.727982E-06
  0.131565E-01 -0.348405E+07 -0.884066E-02  0.268206E+09  0.633778E+00  0.623644E+05
  0.348516E+07  0.343768E-01  0.156604E+04 -0.143053E+01  0.268241E+09 -0.176835E-04
 -0.642409E-05 -0.805457E+03  0.467614E-06  0.619948E+05 -0.110522E-03  0.144177E+02
 4.6827
  0.420778E+05 -0.736849E-04  0.621186E+01 -0.128614E-01  0.325504E+07  0.212821E-05
 -0.203192E-03  0.421281E+05  0.858261E-05 -0.325416E+07 -0.195778E-01 -0.754092E+03
  0.569235E+01 -0.151062E-04  0.102907E+02  0.379938E-02 -0.132510E+03 -0.279586E-06
  0.102891E-01 -0.326393E+07  0.251868E-02  0.252034E+09 -0.137188E+01  0.584242E+05
  0.326048E+07  0.268659E-01  0.905691E+03 -0.151821E+01  0.251914E+09 -0.314835E-03
  0.139555E-06 -0.754249E+03  0.579070E-06  0.582517E+05 -0.147370E-03  0.135011E+02
 4.7297
  0.394443E+05  0.293190E-04 -0.760223E+01  0.114028E-01  0.305661E+07  0.211435E-05
  0.367615E-03  0.394514E+05  0.362743E-05 -0.305581E+07 -0.461887E-02 -0.706179E+03
 -0.166965E+01  0.316872E-04  0.378740E+01 -0.100100E-02 -0.136485E+02 -0.412288E-06
 -0.229500E-01 -0.305732E+07 -0.669545E-05  0.236740E+09 -0.258657E+00  0.547259E+05
  0.305648E+07  0.750567E-02  0.128642E+02  0.729782E+00  0.236727E+09  0.317998E-03
  0.105718E-05 -0.706300E+03 -0.904553E-07  0.546999E+05  0.811911E-04  0.126427E+02
 4.7768
  0.367720E+05 -0.797210E-04 -0.232464E+02 -0.291551E-03  0.285643E+07 -0.533846E-05
  0.296106E-04  0.368268E+05 -0.529130E-04 -0.285794E+07  0.177846E-01 -0.659199E+03
  0.150399E+01 -0.685308E-04  0.114170E+01 -0.220300E-02  0.340987E+02  0.583538E-06
 -0.874653E-03 -0.284881E+07 -0.918642E-03  0.221501E+09  0.111023E+01  0.509936E+05
  0.284890E+07  0.166184E-01 -0.587568E+03 -0.101693E+01  0.221435E+09  0.166275E-03
 -0.832799E-05 -0.659198E+03 -0.801464E-06  0.511569E+05 -0.478326E-04  0.117996E+02
 4.8238
  0.338527E+05  0.690053E-03 -0.251523E+02 -0.397470E-02  0.264517E+07 -0.614578E-05
  0.851065E-04  0.339080E+05  0.990154E-04 -0.264527E+07 -0.220817E-02 -0.606952E+03
 -0.383356E+01  0.121708E-04 -0.623070E+01 -0.197815E-03  0.136319E+03 -0.823923E-07
  0.883268E-02 -0.262656E+07 -0.796148E-03  0.205075E+09 -0.180893E+01  0.470153E+05
  0.262560E+07 -0.297367E-01 -0.518343E+03  0.301489E+00  0.205033E+09 -0.193215E-03
 -0.585826E-05 -0.606976E+03  0.370704E-06  0.473505E+05  0.430133E-03  0.108648E+02
 4.8709
  0.303599E+05  0.232261E-04 -0.252466E+02 -0.133782E-02  0.238869E+07 -0.108872E-06
 -0.464522E-05  0.303633E+05  0.178542E-03 -0.238865E+07 -0.148647E-03 -0.543502E+03
 -0.118268E+02 -0.380010E-04 -0.191870E+01  0.481804E-02 -0.373939E+03 -0.535702E-05
  0.906747E-02 -0.235414E+07 -0.834630E-02  0.185166E+09  0.334872E+01  0.421390E+05
  0.235407E+07  0.404320E-01 -0.601261E+03 -0.215954E+01  0.185202E+09  0.125421E-03
  0.108872E-06 -0.543571E+03 -0.574571E-05  0.427586E+05 -0.164905E-03  0.972991E+01
 4.9179
  0.243970E+05  0.218089E-03  0.212762E+02 -0.417230E-01  0.195470E+07  0.117252E-05
 -0.211054E-04  0.243724E+05 -0.771849E-04 -0.195459E+07  0.405224E-02 -0.436266E+03
  0.778983E+01  0.574730E-04  0.120279E+02 -0.147789E-02 -0.228610E+03 -0.192905E-05
  0.600331E-03 -0.188883E+07 -0.211968E-01  0.151478E+09  0.000000E+00  0.338100E+05
  0.189064E+07  0.160589E-01 -0.550206E+03  0.989346E+00  0.151500E+09 -0.107872E-03
 -0.223512E-05 -0.436268E+03  0.976033E-05  0.349868E+05  0.382242E-03  0.780918E+01
 4.9650
  0.595915E+03 -0.178745E-03 -0.399327E+01 -0.575771E-02  0.221642E+06 -0.162764E-05
 -0.104169E-03  0.547504E+03 -0.123889E-02 -0.223673E+06  0.212126E-02 -0.979968E+01
 -0.189762E+01  0.223176E-04 -0.187031E+01  0.283727E-03  0.630954E+01  0.871512E-07
 -0.530315E-02 -0.437382E+05  0.125635E+00  0.171904E+08 -0.387888E-01  0.782887E+03
  0.443745E+05  0.409100E-02  0.744520E+03  0.610923E+00  0.172056E+08  0.149151E-03
 -0.924796E-06 -0.976109E+01 -0.151568E-04  0.400382E+04 -0.686569E-04  0.174710E+00
 5.0120
  0.523703E+05 -0.955965E-05  0.184626E+02  0.871840E-02  0.390286E+07 -0.302473E-05
  0.621377E-04  0.523587E+05 -0.476190E-03 -0.390396E+07 -0.108598E-01 -0.937218E+03
  0.694120E-03  0.659735E-05  0.486142E+00  0.485525E-03 -0.180436E+02  0.155624E-07
 -0.734181E-02 -0.405880E+07  0.997358E-01  0.302529E+09 -0.231022E+01  0.726525E+05
  0.405997E+07  0.237079E-01 -0.543607E+03 -0.978908E-02  0.302544E+09  0.200753E-03
  0.212852E-05 -0.937227E+03 -0.857299E-05  0.698804E+05 -0.215092E-03  0.167764E+02
 5.0591
  0.407966E+05  0.521067E-03 -0.144755E+02 -0.416853E-02  0.310523E+07  0.339236E-06
 -0.530716E-04  0.408587E+05 -0.572536E-03 -0.310283E+07 -0.112705E-01 -0.731369E+03
 -0.442869E+00  0.309141E-05 -0.190099E+00  0.381980E-03  0.852636E+01 -0.168311E-07
 -0.895463E-02 -0.316346E+07  0.346099E-01  0.240637E+09 -0.820120E+00  0.566260E+05
  0.316106E+07  0.000000E+00  0.897034E+03 -0.167976E+01  0.240548E+09 -0.434222E-03
  0.135694E-05 -0.731364E+03 -0.518042E-05  0.555407E+05 -0.385975E-04  0.130914E+02
 5.1061
  0.360889E+05  0.165565E-03 -0.577270E+01  0.137127E-01  0.276608E+07 -0.734238E-05
  0.340869E-04  0.360843E+05  0.157861E-03 -0.276475E+07 -0.141802E-01 -0.645908E+03
 -0.810451E+00  0.328291E-04  0.138969E+01  0.164195E-03 -0.471171E+02  0.629444E-07
 -0.202574E-02 -0.279730E+07 -0.282982E-02  0.214426E+09 -0.109701E+00  0.500715E+05
  0.279576E+07 -0.272695E-01  0.237038E+03  0.239349E+01  0.214378E+09  0.650086E-03
  0.117935E-05 -0.646047E+03 -0.691618E-06  0.494928E+05 -0.876521E-04  0.115642E+02
 5.1531
  0.330038E+05  0.221149E-04 -0.236887E+02 -0.143108E-01  0.254135E+07 -0.637340E-05
  0.810880E-04  0.328242E+05 -0.267510E-04 -0.254391E+07 -0.990748E-02 -0.587552E+03
 -0.127785E+01  0.321033E-04  0.270614E+00 -0.548573E-03  0.400122E+01 -0.119981E-08
 -0.975022E-02 -0.254917E+07  0.806027E-02  0.196721E+09  0.402590E-01  0.456301E+05
  0.255256E+07  0.723404E-02 -0.106772E+03 -0.112725E+01  0.196898E+09  0.159719E-03
 -0.829309E-05 -0.587231E+03 -0.849766E-06  0.455259E+05 -0.663448E-04  0.105114E+02
 5.2002
  0.302810E+05 -0.619912E-04  0.121088E+02  0.112675E-01  0.234422E+07 -0.232467E-05
 -0.233087E-03  0.301912E+05 -0.109066E-04 -0.234485E+07  0.141241E-01 -0.540421E+03
  0.273981E+01  0.115210E-04  0.629319E+01 -0.527545E-03 -0.555115E+02  0.310448E-07
 -0.444353E-02 -0.234637E+07 -0.592403E-03  0.181748E+09  0.172663E+00  0.420000E+05
  0.234745E+07  0.412613E-02 -0.976737E+03  0.186882E+01  0.181776E+09  0.131421E-03
 -0.554046E-05 -0.540731E+03  0.372670E-06  0.419801E+05  0.247965E-05  0.967908E+01
 5.2472
  0.276157E+05 -0.162635E-03 -0.617729E+01  0.232193E-01  0.214928E+07  0.195475E-06
  0.875728E-04  0.275836E+05  0.467699E-04 -0.214881E+07  0.416346E-02 -0.493746E+03
  0.111873E+01  0.200539E-04 -0.185674E+00  0.311392E-03 -0.329320E+02 -0.919248E-07
 -0.339482E-01 -0.214107E+07  0.174458E-02  0.166618E+09  0.163976E+00  0.383251E+05
  0.214097E+07  0.880732E-02 -0.168772E+03 -0.983858E+00  0.166626E+09 -0.185154E-03
  0.261937E-05 -0.494042E+03 -0.663737E-06  0.384624E+05 -0.272727E-03  0.884333E+01
 5.2943
  0.246627E+05 -0.441790E-04 -0.113507E+02  0.145412E-01  0.193175E+07  0.512792E-06
 -0.323138E-03  0.246504E+05  0.120925E-03 -0.193158E+07 -0.436236E-02 -0.441242E+03
 -0.120231E+02 -0.179758E-03 -0.139562E+02 -0.537169E-03  0.132665E+03 -0.611512E-06
  0.109867E-01 -0.191087E+07 -0.594839E-02  0.149829E+09  0.413617E+00  0.342045E+05
  0.191274E+07 -0.412001E-01 -0.385975E+03  0.115813E+01  0.149874E+09  0.126226E-03
  0.426012E-05 -0.441243E+03  0.140995E-05  0.345760E+05  0.275172E-03  0.789824E+01
 5.3413
  0.206771E+05 -0.124800E-03  0.233333E+01  0.158115E-01  0.164143E+07 -0.230817E-05
  0.967841E-04  0.206670E+05 -0.213008E-03 -0.164166E+07  0.167895E-01 -0.369939E+03
  0.332540E+01 -0.268692E-04  0.391883E+01 -0.146131E-03 -0.638145E+02 -0.661095E-06
  0.912826E-02 -0.160216E+07 -0.628523E-02  0.127240E+09  0.385995E+00  0.286786E+05
  0.160462E+07 -0.652019E-02 -0.475843E+03 -0.208646E+00  0.127322E+09 -0.254695E-05
 -0.326328E-05 -0.369875E+03 -0.423144E-05  0.293764E+05 -0.601080E-03  0.662077E+01
 5.3884
  0.124215E+05 -0.150309E-03 -0.867731E+01  0.657762E-03  0.103569E+07 -0.461686E-06
  0.107914E-03  0.123676E+05  0.441492E-03 -0.103593E+07 -0.124975E-01 -0.221379E+03
 -0.394625E+01  0.460933E-05 -0.501802E+01 -0.778965E-03  0.431722E+02  0.564160E-06
 -0.509766E-02 -0.961070E+06 -0.239299E-01  0.802488E+08 -0.736693E+00  0.172031E+05
  0.963549E+06 -0.164440E-02 -0.698731E+03 -0.463064E+00  0.803678E+08  0.195273E-03
 -0.146535E-05 -0.221282E+03 -0.744814E-05  0.185375E+05  0.146455E-03  0.396093E+01
 5.4354
 -0.179157E+05 -0.394604E-03  0.290786E+02 -0.884328E-02 -0.126065E+07 -0.359159E-05
 -0.192766E-04 -0.179412E+05 -0.365892E-03  0.125846E+07 -0.332789E-02  0.321147E+03
 -0.709293E+00  0.887330E-05 -0.155966E+01  0.906528E-03  0.250432E+02 -0.758036E-07
 -0.281990E-02  0.139034E+07 -0.680352E-02 -0.976591E+08 -0.163222E+00 -0.248872E+05
 -0.139086E+07 -0.975560E-02 -0.953908E+02  0.339715E+00 -0.977129E+08  0.712750E-05
 -0.169582E-06  0.321133E+03 -0.128857E-04 -0.225266E+05 -0.583159E-04 -0.574829E+01
 5.4825
  0.391846E+05  0.467951E-03  0.844796E+01  0.117118E-02  0.294708E+07 -0.175645E-05
  0.104570E-03  0.392100E+05 -0.119724E-03 -0.294611E+07 -0.250968E-02 -0.701858E+03
  0.103121E+00  0.417157E-05  0.466707E+00 -0.772470E-03 -0.182409E+01  0.391922E-08
 -0.100387E-02 -0.303984E+07 -0.901786E-02  0.228611E+09 -0.199168E+01  0.544131E+05
  0.303990E+07 -0.227544E-01 -0.724937E+03  0.985133E+00  0.228650E+09 -0.711076E-03
  0.294103E-05 -0.702045E+03  0.770329E-05  0.527361E+05  0.295410E-03  0.125666E+02
 5.5295
  0.318191E+05  0.456146E-03  0.124991E+02  0.202497E-02  0.242645E+07  0.255429E-05
 -0.804189E-04  0.317666E+05  0.209596E-04 -0.242605E+07 -0.489369E-02 -0.568621E+03
 -0.583875E-01 -0.432259E-05  0.653723E+00 -0.532116E-03  0.978103E+00  0.107813E-06
  0.118123E-01 -0.246757E+07 -0.430043E-02  0.188115E+09 -0.950388E+00  0.441694E+05
  0.246668E+07  0.269996E-02  0.175229E+03  0.149038E+01  0.188094E+09 -0.316402E-04
 -0.127714E-05 -0.568633E+03  0.101756E-05  0.434296E+05 -0.764638E-04  0.101785E+02
 5.5766
  0.279448E+05  0.222036E-03  0.206283E+01 -0.178693E-01  0.214625E+07 -0.113843E-04
  0.558415E-04  0.279363E+05 -0.126464E-03 -0.214754E+07  0.119128E-02 -0.500060E+03
  0.292771E-01 -0.449375E-05  0.112910E+01 -0.563401E-04  0.131129E+01 -0.786241E-07
 -0.187202E-01 -0.216543E+07  0.473955E-02  0.166360E+09 -0.217835E+00  0.387611E+05
  0.216797E+07 -0.238257E-02  0.350313E+02  0.588154E+00  0.166460E+09 -0.797735E-04
  0.602456E-06 -0.499805E+03 -0.156644E-05  0.384317E+05  0.159547E-03  0.894650E+01
 5.6236
  0.249560E+05 -0.150167E-03  0.175574E+02  0.156174E-01  0.192974E+07  0.259775E-05
  0.127374E-03  0.249680E+05  0.778409E-04 -0.193097E+07  0.840935E-02 -0.446927E+03
  0.128015E+00  0.225012E-05  0.196526E+01 -0.150376E-03 -0.191728E+01 -0.485790E-07
 -0.823773E-02 -0.193460E+07 -0.151072E-02  0.149603E+09  0.922625E+00  0.346293E+05
  0.193750E+07  0.163896E-01 -0.222426E+03  0.549182E+00  0.149726E+09  0.804466E-05
  0.205306E-05 -0.446883E+03  0.194766E-06  0.345596E+05 -0.536310E-04  0.799919E+01
 5.6707
  0.221264E+05 -0.177111E-03 -0.451802E+01 -0.899887E-02  0.172169E+07  0.572485E-05
 -0.675996E-05  0.221118E+05  0.949036E-05 -0.172281E+07  0.133252E-01 -0.395800E+03
 -0.400771E-01 -0.169461E-05 -0.170508E+01  0.124806E-03 -0.221069E+01 -0.991776E-08
 -0.285541E-02 -0.171591E+07  0.805450E-03  0.133627E+09  0.476248E+00  0.307147E+05
  0.171744E+07  0.320152E-01 -0.365187E+03  0.609154E+00  0.133612E+09 -0.143311E-03
 -0.124637E-05 -0.395582E+03 -0.462231E-06  0.308366E+05 -0.475902E-03  0.708091E+01
 5.7177
  0.189554E+05  0.233109E-03  0.128739E+02  0.392604E-02  0.149411E+07 -0.195961E-05
  0.204481E-04  0.190049E+05 -0.418814E-04 -0.149325E+07  0.785209E-02 -0.340188E+03
 -0.461978E-01  0.374350E-05 -0.112766E+01  0.944875E-04  0.825723E-01 -0.953723E-08
 -0.174491E-02 -0.147517E+07 -0.156899E-01  0.115888E+09 -0.446697E-01  0.264055E+05
  0.147461E+07  0.907352E-02  0.681314E+03 -0.111674E+00  0.115848E+09  0.520746E-03
 -0.276902E-06 -0.339776E+03  0.248530E-06  0.267264E+05 -0.149953E-03  0.608198E+01
 5.7648
  0.147427E+05 -0.219908E-04 -0.113407E+02  0.149538E-02  0.117939E+07 -0.201869E-05
 -0.235027E-03  0.147403E+05 -0.213144E-04 -0.117943E+07 -0.589354E-02 -0.263851E+03
  0.208128E+01  0.220029E-04  0.986237E+00  0.111767E-02  0.463673E+01  0.454948E-06
  0.171528E-01 -0.114429E+07  0.105625E-01  0.915556E+08  0.114845E+01  0.204827E+05
  0.114420E+07 -0.703706E-02  0.707515E+03  0.889485E+00  0.915640E+08 -0.111329E-03
  0.169656E-05 -0.263842E+03 -0.762042E-06  0.211117E+05 -0.130571E-03  0.472276E+01
 5.8118
  0.564999E+04 -0.162120E-03 -0.884592E+01  0.443406E-03  0.508124E+06 -0.216507E-05
  0.152421E-03  0.553278E+04 -0.433728E-03 -0.509382E+06 -0.319252E-02 -0.990363E+02
 -0.130582E+01  0.569954E-05 -0.199573E+01  0.249979E-03  0.263214E+02 -0.187488E-06
 -0.922284E-02 -0.436968E+06 -0.118486E-01  0.394576E+08 -0.124863E+00  0.782170E+04
  0.437532E+06 -0.407933E-02  0.200667E+03  0.953500E+00  0.394767E+08  0.126094E-03
 -0.168875E-05 -0.989008E+02  0.553682E-05  0.912434E+04  0.296528E-03  0.177032E+01
 5.8589
 -0.877788E+04  0.367549E-04  0.201503E+02  0.812973E-03 -0.633676E+06 -0.125772E-05
 -0.733352E-05 -0.875620E+04  0.540923E-03  0.633729E+06  0.131305E-03  0.156736E+03
 -0.171683E+00  0.526210E-05 -0.312633E+00 -0.119283E-02  0.349482E+01 -0.122163E-06
  0.135495E-02  0.680479E+06 -0.158739E-01 -0.490818E+08  0.160203E+00 -0.121806E+05
 -0.679682E+06  0.181871E-02 -0.543815E+03 -0.522091E-01 -0.490817E+08  0.392867E-04
 -0.158920E-06  0.156787E+03  0.330220E-05 -0.113432E+05  0.137940E-04 -0.280649E+01
 5.9059
  0.329510E+05 -0.366100E-04 -0.735170E+01 -0.243316E-02  0.248265E+07  0.325618E-05
  0.605473E-04  0.329422E+05  0.521759E-03 -0.248379E+07  0.136978E-01 -0.589666E+03
 -0.319878E-01 -0.546593E-06  0.352272E+00  0.360072E-03  0.516665E+00 -0.344843E-08
 -0.117152E-01 -0.255628E+07  0.315973E-02  0.192631E+09 -0.611354E+00  0.457573E+05
  0.255753E+07  0.549714E-02  0.978560E+02  0.230699E+00  0.192675E+09  0.154889E-04
  0.528029E-06 -0.589580E+03 -0.639720E-05  0.444571E+05  0.535070E-04  0.105535E+02
 5.9530
  0.266058E+05  0.655714E-03 -0.163180E+02 -0.635844E-02  0.203228E+07  0.405830E-05
 -0.681261E-04  0.266088E+05 -0.791589E-04 -0.203267E+07  0.136252E-02 -0.476297E+03
 -0.116595E-02  0.423501E-05  0.793674E+00  0.678556E-03 -0.229271E+00 -0.127991E-07
 -0.139886E-01 -0.206682E+07  0.342902E-02  0.157691E+09  0.558089E+00  0.369961E+05
  0.206644E+07  0.100827E-01  0.338290E+02 -0.616224E+00  0.157667E+09  0.326438E-03
 -0.776177E-06 -0.476216E+03  0.347547E-06  0.363850E+05 -0.681261E-04  0.852424E+01
 6.0000
  0.227114E+05  0.504971E-03  0.135783E+02 -0.271912E-01  0.175322E+07  0.136346E-05
 -0.586510E-04  0.229548E+05 -0.290349E-04 -0.174919E+07  0.393677E-02 -0.410889E+03
  0.112542E-01  0.226591E-05  0.120887E+01 -0.106573E-03  0.200586E-01 -0.264554E-07
  0.192261E-02 -0.177180E+07  0.331163E-03  0.136116E+09  0.269531E+00  0.317151E+05
  0.176842E+07  0.170288E-01 -0.129181E+04 -0.433594E+00  0.135958E+09 -0.164509E-03
 -0.257045E-05 -0.410899E+03  0.236736E-05  0.313105E+05 -0.411987E-03  0.735508E+01
