Nb de frequency :   128
 0.0250
  0.314999E+08  0.101242E-01 -0.271240E+01 -0.626465E+00  0.563246E+09 -0.138044E-03
  0.245667E-02  0.314999E+08  0.343201E+00 -0.563247E+09  0.839844E-01 -0.563848E+06
  0.861304E+01  0.922642E-01  0.216747E+07  0.281130E+02  0.386447E+05  0.680682E-02
  0.670410E+00 -0.563692E+09  0.206890E+02  0.404782E+11  0.896562E+02  0.100901E+08
  0.563697E+09  0.270020E+00  0.388187E+05  0.392500E+02  0.404783E+11 -0.971985E-02
  0.470400E-03 -0.563848E+06  0.556576E-02  0.100821E+08  0.177917E-01  0.100929E+05
 0.0720
  0.315243E+08 -0.309753E-02 -0.239746E+01 -0.212402E+00  0.564311E+09 -0.110865E-04
  0.197220E-01  0.315243E+08 -0.113831E-01 -0.564312E+09  0.843750E+00 -0.564286E+06
  0.900433E+01 -0.267485E+00  0.216878E+07  0.914207E+02  0.386538E+05 -0.170922E-02
 -0.439453E+00 -0.564756E+09  0.145046E+02  0.405298E+11 -0.600000E+02  0.101092E+08
  0.564764E+09  0.146680E+01  0.388410E+05  0.384375E+01  0.405301E+11  0.169144E-01
 -0.278115E-03 -0.564285E+06  0.146866E-03  0.101012E+08 -0.553131E-02  0.101007E+05
 0.1191
  0.315777E+08  0.907135E-02 -0.255212E+01  0.982910E+00  0.566564E+09 -0.591636E-03
 -0.312042E-02  0.315778E+08 -0.428734E-01 -0.566566E+09  0.386719E+00 -0.565242E+06
  0.849249E+01  0.102453E+00  0.216822E+07  0.109455E+03  0.386395E+05  0.274017E-02
  0.222168E+00 -0.567014E+09  0.147849E+02  0.406373E+11 -0.246562E+02  0.101496E+08
  0.567018E+09 -0.206055E+00  0.387852E+05 -0.325625E+02  0.406374E+11 -0.558472E-02
  0.297904E-03 -0.565241E+06 -0.162268E-02  0.101415E+08 -0.383759E-02  0.101178E+05
 0.1661
  0.316677E+08  0.267258E-01 -0.246204E+01  0.122559E+01  0.570282E+09  0.119686E-02
  0.102997E-02  0.316677E+08  0.112057E+00 -0.570283E+09  0.539062E+00 -0.566853E+06
 -0.983887E-01 -0.585339E+00  0.216924E+07  0.654460E+02  0.388311E+05 -0.118139E-02
  0.754883E+00 -0.570734E+09  0.116104E+02  0.408107E+11 -0.206250E+01  0.102162E+08
  0.570739E+09 -0.749512E+00  0.388177E+05 -0.500000E+01  0.408109E+11 -0.187302E-01
  0.542402E-04 -0.566851E+06  0.137746E-02  0.102080E+08  0.101395E-01  0.101467E+05
 0.2132
  0.317975E+08  0.577545E-02 -0.278125E+01  0.439453E-01  0.575800E+09  0.193715E-03
 -0.302887E-02  0.317975E+08  0.480499E-01 -0.575799E+09  0.138037E+01 -0.569177E+06
  0.919055E+01 -0.457802E+00  0.217777E+07 -0.816195E+02  0.388359E+05 -0.123798E-01
 -0.341797E-02 -0.576255E+09 -0.431311E+02  0.410655E+11  0.149062E+02  0.103150E+08
  0.576260E+09 -0.166016E+00  0.389366E+05 -0.215000E+02  0.410657E+11 -0.151672E-01
  0.208616E-03 -0.569176E+06 -0.881076E-03  0.103068E+08 -0.202713E-01  0.101883E+05
 0.2602
  0.319573E+08 -0.198364E-02 -0.270166E+01 -0.297852E+00  0.583189E+09 -0.149488E-03
  0.131302E-01  0.319573E+08  0.325867E+00 -0.583189E+09  0.257812E+00 -0.572036E+06
  0.266296E+00  0.373600E+00  0.219587E+07  0.133098E+03  0.393042E+05  0.107464E-01
 -0.331055E+00 -0.583650E+09 -0.239409E+02  0.414200E+11 -0.200938E+02  0.104473E+08
  0.583652E+09  0.285645E+00  0.392031E+05 -0.996875E+01  0.414202E+11  0.264816E-01
 -0.321865E-04 -0.572037E+06  0.361133E-02  0.104391E+08  0.762939E-05  0.102395E+05
 0.3073
  0.321251E+08  0.129395E-01 -0.323364E+01  0.165039E+00  0.592169E+09  0.561476E-04
 -0.173645E-01  0.321252E+08  0.396042E-01 -0.592169E+09  0.520508E+00 -0.575041E+06
  0.900153E+01 -0.765266E-01  0.221969E+07  0.145840E+03  0.395644E+05 -0.311292E-01
  0.140479E+01 -0.592628E+09 -0.868701E+01  0.418809E+11 -0.479062E+02  0.106080E+08
  0.592631E+09  0.355469E+00  0.396571E+05 -0.859375E+01  0.418810E+11 -0.411224E-02
  0.735521E-04 -0.575041E+06  0.808322E-02  0.105998E+08  0.121918E-01  0.102932E+05
 0.3543
  0.322719E+08 -0.347900E-02 -0.383191E+01  0.698242E+00  0.601970E+09 -0.503898E-03
  0.225220E-01  0.322720E+08 -0.596176E+00 -0.601970E+09 -0.106055E+01 -0.577667E+06
  0.912848E+01  0.169297E+01  0.224062E+07 -0.772219E+02  0.399229E+05 -0.726926E-02
 -0.595703E+00 -0.602422E+09 -0.298672E+02  0.424416E+11  0.104062E+02  0.107834E+08
  0.602428E+09  0.336426E+00  0.400550E+05  0.893750E+01  0.424417E+11 -0.137329E-03
  0.224113E-03 -0.577668E+06  0.359631E-02  0.107753E+08 -0.158691E-02  0.103403E+05
 0.4014
  0.323711E+08 -0.987244E-02 -0.399280E+01  0.147656E+01  0.611443E+09 -0.363231E-03
  0.786591E-02  0.323711E+08  0.312325E+00 -0.611443E+09 -0.374023E+00 -0.579443E+06
  0.951910E+01  0.439949E-01  0.225152E+07 -0.106389E+03  0.400955E+05 -0.431720E-01
  0.510742E+00 -0.611886E+09  0.634277E+00  0.430697E+11 -0.386562E+02  0.109527E+08
  0.611888E+09  0.268555E-01  0.403089E+05 -0.689375E+02  0.430698E+11  0.176544E-01
  0.783205E-04 -0.579442E+06  0.380743E-02  0.109448E+08  0.230865E-01  0.103720E+05
 0.4484
  0.324066E+08  0.387573E-02 -0.338171E+01 -0.122070E-01  0.619325E+09  0.161648E-03
 -0.226746E-01  0.324067E+08  0.487366E-01 -0.619324E+09  0.730957E+00 -0.580080E+06
  0.950165E+01 -0.768566E-01  0.224900E+07 -0.558727E+02  0.400736E+05 -0.646350E-02
 -0.512695E+00 -0.619755E+09  0.356821E+02  0.437091E+11 -0.540625E+01  0.110936E+08
  0.619756E+09 -0.610352E-01  0.403334E+05  0.640625E+01  0.437092E+11 -0.643158E-02
  0.113368E-03 -0.580080E+06  0.224710E-02  0.110859E+08 -0.105286E-01  0.103834E+05
 0.4955
  0.323736E+08 -0.196228E-01 -0.222449E+01 -0.575684E+00  0.624479E+09 -0.180721E-03
 -0.169144E-01  0.323734E+08  0.373573E+00 -0.624475E+09 -0.834961E-01 -0.579484E+06
  0.969116E+00  0.771370E-01  0.223351E+07  0.875610E+01  0.400945E+05  0.289792E-02
 -0.439453E+00 -0.624889E+09  0.204517E+02  0.442846E+11 -0.726250E+02  0.111855E+08
  0.624891E+09  0.174805E+00  0.401004E+05 -0.690625E+02  0.442848E+11 -0.180893E-01
  0.275373E-04 -0.579484E+06  0.482917E-03  0.111781E+08  0.790405E-02  0.103728E+05
 0.5425
  0.322734E+08 -0.577545E-02 -0.398315E+00 -0.448242E+00  0.626018E+09  0.260115E-03
 -0.302887E-02  0.322734E+08  0.416542E+00 -0.626016E+09  0.278320E+00 -0.577695E+06
  0.918774E+01  0.940653E+00  0.220773E+07 -0.739929E+01  0.393109E+05  0.625294E-02
  0.605469E+00 -0.626416E+09  0.753271E+01  0.447140E+11 -0.187500E+02  0.112129E+08
  0.626417E+09 -0.334961E+00  0.397027E+05 -0.589375E+02  0.447140E+11 -0.550842E-02
 -0.269294E-03 -0.577695E+06  0.338888E-02  0.112057E+08  0.279236E-02  0.103408E+05
 0.5896
  0.321111E+08  0.175629E-01  0.157678E+01 -0.507812E+00  0.623350E+09 -0.579357E-04
 -0.615692E-02  0.321111E+08 -0.681488E+00 -0.623348E+09 -0.134180E+01 -0.574788E+06
  0.936386E+01 -0.186440E+00  0.217590E+07  0.905701E+02  0.387590E+05  0.356206E-02
  0.264160E+00 -0.623734E+09 -0.477427E+02  0.449200E+11 -0.109188E+03  0.111648E+08
  0.623732E+09  0.124951E+01  0.392060E+05  0.114375E+02  0.449200E+11  0.218201E-02
  0.984669E-04 -0.574788E+06 -0.147772E-02  0.111579E+08  0.250702E-01  0.102887E+05
 0.6366
  0.318903E+08  0.361633E-02  0.320239E+01 -0.405273E+00  0.616101E+09 -0.279665E-03
 -0.194855E-01  0.318904E+08 -0.106529E+00 -0.616101E+09  0.244141E+00 -0.570840E+06
  0.744232E+01  0.112769E+01  0.214185E+07  0.687814E+02  0.380696E+05  0.691891E-02
 -0.574707E+00 -0.616472E+09 -0.977148E+01  0.448377E+11 -0.243750E+01  0.110348E+08
  0.616472E+09 -0.240723E+01  0.386433E+05  0.875000E+02  0.448377E+11  0.640869E-02
  0.131607E-03 -0.570839E+06  0.757444E-02  0.110282E+08  0.274200E-01  0.102180E+05
 0.6837
  0.316143E+08  0.386047E-02  0.489600E+01  0.263672E+00  0.604086E+09 -0.561953E-03
  0.135422E-01  0.316142E+08  0.416641E-01 -0.604086E+09  0.225586E+00 -0.565899E+06
  0.870581E+01  0.549681E+00  0.210736E+07  0.416003E+01  0.375598E+05 -0.817373E-02
  0.355469E+00 -0.604444E+09 -0.351514E+01  0.444204E+11  0.131250E+02  0.108195E+08
  0.604444E+09 -0.140088E+01  0.380493E+05  0.251250E+02  0.444204E+11 -0.788879E-02
  0.195265E-03 -0.565897E+06  0.613940E-02  0.108131E+08 -0.425720E-02  0.101296E+05
 0.7307
  0.312864E+08  0.119781E-02  0.404517E+01 -0.111719E+01  0.587359E+09  0.157595E-03
 -0.110626E-01  0.312865E+08  0.288353E+00 -0.587357E+09  0.783203E+00 -0.560027E+06
  0.589203E+00  0.235197E+01  0.207468E+07 -0.652490E+01  0.372326E+05  0.253889E-01
  0.198242E+00 -0.587708E+09  0.163794E+02  0.436459E+11 -0.173125E+02  0.105200E+08
  0.587708E+09  0.680664E+00  0.374575E+05  0.312500E+00  0.436459E+11 -0.113983E-01
 -0.103951E-03 -0.560027E+06  0.171578E-02  0.105137E+08 -0.128174E-01  0.100245E+05
 0.7778
  0.309127E+08  0.220795E-01  0.363269E+01  0.166016E-01  0.566257E+09 -0.147343E-03
 -0.244141E-02  0.309127E+08 -0.559616E+00 -0.566256E+09  0.248047E+00 -0.553339E+06
  0.201825E+01 -0.355170E+00  0.204458E+07 -0.602784E+02  0.367103E+05 -0.237114E-01
  0.292969E-01 -0.566599E+09 -0.373140E+02  0.425186E+11 -0.901875E+02  0.101421E+08
  0.566598E+09 -0.110352E+00  0.368813E+05 -0.435000E+02  0.425185E+11  0.244141E-02
 -0.674725E-04 -0.553338E+06  0.318384E-02  0.101360E+08 -0.121002E-01  0.990477E+04
 0.8248
  0.305041E+08 -0.324020E-01  0.416333E+01 -0.820312E-01  0.541515E+09  0.399590E-03
 -0.108566E-01  0.305040E+08  0.310059E-01 -0.541513E+09 -0.108691E+01 -0.546023E+06
  0.887236E+01  0.858932E+00  0.201816E+07 -0.319391E+02  0.360093E+05 -0.115993E-01
 -0.761719E-01 -0.541855E+09 -0.207749E+02  0.410764E+11  0.371875E+02  0.969921E+07
  0.541856E+09 -0.715332E+00  0.364371E+05 -0.521250E+02  0.410765E+11  0.143127E-01
 -0.469923E-03 -0.546022E+06 -0.352919E-02  0.969311E+07 -0.122223E-01  0.977383E+04
 0.8719
  0.300775E+08  0.478363E-02  0.477612E+01  0.239258E+00  0.514306E+09  0.774860E-04
 -0.473022E-02  0.300774E+08  0.696411E-01 -0.514308E+09  0.137695E+00 -0.538386E+06
 -0.188309E+00  0.165967E+01  0.199522E+07  0.356303E+02  0.357290E+05 -0.463469E-02
 -0.434570E-01 -0.514650E+09  0.263330E+01  0.393936E+11 -0.256875E+02  0.921224E+07
  0.514650E+09  0.302246E+00  0.360859E+05 -0.908125E+02  0.393936E+11 -0.161896E-01
  0.307679E-03 -0.538384E+06 -0.332713E-02  0.920608E+07 -0.101013E-01  0.963710E+04
 0.9189
  0.296543E+08 -0.444031E-02  0.560083E+01 -0.476074E+00  0.486193E+09  0.169396E-03
 -0.444031E-02  0.296544E+08 -0.165798E+00 -0.486195E+09 -0.322266E+00 -0.530814E+06
  0.484462E+01  0.120262E+01  0.197660E+07  0.263385E+02  0.349453E+05  0.646950E-02
  0.137695E+00 -0.486546E+09 -0.279785E+01  0.375747E+11  0.304375E+02  0.870916E+07
  0.486547E+09 -0.131348E+00  0.358733E+05  0.400625E+02  0.375746E+11 -0.100555E-01
 -0.302792E-04 -0.530814E+06  0.240099E-02  0.870290E+07  0.266418E-01  0.950158E+04
 0.9659
  0.292581E+08 -0.958252E-02  0.528394E+01  0.625977E+00  0.458890E+09 -0.326991E-03
  0.102386E-01  0.292580E+08 -0.912476E-02 -0.458890E+09  0.564453E+00 -0.523720E+06
 -0.385361E+01 -0.374475E+00  0.196159E+07 -0.104373E+02  0.349141E+05 -0.113441E-01
 -0.861816E+00 -0.459255E+09 -0.154648E+02  0.357423E+11 -0.384375E+01  0.822068E+07
  0.459256E+09 -0.903809E+00  0.356170E+05 -0.652812E+02  0.357422E+11  0.122528E-01
  0.630617E-04 -0.523720E+06  0.457615E-02  0.821414E+07 -0.290680E-02  0.937459E+04
 1.0130
  0.289093E+08 -0.129700E-03  0.515259E+01 -0.150879E+00  0.434008E+09 -0.272751E-03
  0.759125E-02  0.289094E+08  0.102299E+00 -0.434009E+09 -0.192871E+00 -0.517478E+06
  0.144248E-01  0.104142E+01  0.195039E+07  0.240039E+02  0.349605E+05  0.410945E-02
 -0.152344E+00 -0.434390E+09 -0.302883E+02  0.340156E+11  0.309062E+02  0.777560E+07
  0.434391E+09 -0.368164E+00  0.347934E+05  0.171562E+02  0.340157E+11  0.690460E-02
  0.164032E-03 -0.517477E+06 -0.546700E-02  0.776874E+07 -0.432587E-02  0.926285E+04
 1.0600
  0.286219E+08 -0.250893E-01  0.341217E+01  0.961914E-01  0.412736E+09  0.234246E-03
 -0.725174E-02  0.286219E+08 -0.169518E+00 -0.412737E+09  0.461426E+00 -0.512333E+06
  0.471249E+00 -0.107660E+01  0.194248E+07 -0.130663E+02  0.348516E+05 -0.128189E-01
 -0.976562E-03 -0.413138E+09  0.209082E+01  0.324909E+11 -0.432188E+02  0.739518E+07
  0.413139E+09  0.714844E+00  0.346791E+05 -0.230625E+02  0.324909E+11 -0.579071E-02
  0.109792E-03 -0.512332E+06  0.207341E-02  0.738800E+07  0.884247E-02  0.917078E+04
 1.1071
  0.284015E+08  0.204964E-01 -0.563110E+00 -0.597168E+00  0.395701E+09 -0.298023E-05
 -0.168457E-01  0.284016E+08  0.639343E-02 -0.395702E+09  0.348633E+00 -0.508390E+06
  0.929413E-01  0.466777E+00  0.193740E+07 -0.111226E+01  0.347480E+05  0.273276E-02
 -0.283203E+00 -0.396124E+09 -0.202012E+02  0.312259E+11 -0.559688E+02  0.709063E+07
  0.396125E+09 -0.164111E+01  0.346177E+05  0.456250E+01  0.312259E+11  0.259399E-03
 -0.332594E-04 -0.508389E+06 -0.664890E-03  0.708306E+07  0.257111E-02  0.910018E+04
 1.1541
  0.282464E+08 -0.268173E-02 -0.106689E+00 -0.268555E-01  0.382978E+09  0.162423E-03
  0.153236E-01  0.282464E+08 -0.580006E-01 -0.382979E+09  0.251709E+00 -0.505611E+06
 -0.228116E+01  0.282379E+00  0.193492E+07  0.455751E+02  0.345697E+05 -0.976518E-02
  0.454102E-01 -0.383419E+09 -0.288025E+01  0.302397E+11  0.326406E+02  0.686322E+07
  0.383421E+09  0.540771E+00  0.346145E+05  0.257812E+02  0.302398E+11  0.282288E-03
  0.186741E-03 -0.505611E+06 -0.267476E-03  0.685532E+07  0.134659E-02  0.905043E+04
 1.2012
  0.281485E+08 -0.683784E-02  0.108337E+00 -0.646484E+00  0.374204E+09 -0.768900E-05
  0.246048E-01  0.281487E+08 -0.170231E-01 -0.374206E+09  0.952148E-01 -0.503862E+06
 -0.271839E+01 -0.956196E+00  0.193437E+07 -0.204890E+02  0.345290E+05 -0.342518E-02
  0.754150E+00 -0.374664E+09 -0.143262E+02  0.295198E+11 -0.526406E+02  0.670648E+07
  0.374664E+09 -0.409180E+00  0.346333E+05  0.512500E+02  0.295198E+11 -0.556564E-02
 -0.821352E-04 -0.503861E+06 -0.343531E-03  0.669830E+07  0.104446E-01  0.901913E+04
 1.2482
  0.280982E+08  0.204449E-01  0.711975E+00  0.537354E+00  0.368793E+09 -0.255913E-03
  0.225315E-01  0.280980E+08  0.323772E-01 -0.368795E+09  0.108032E+00 -0.502958E+06
  0.409375E+01  0.461738E+00  0.193541E+07  0.214186E+02  0.346157E+05 -0.695705E-02
  0.517212E+00 -0.369265E+09  0.102662E+02  0.290333E+11 -0.429688E+01  0.660987E+07
  0.369267E+09  0.248901E+00  0.346533E+05  0.182031E+02  0.290334E+11  0.919724E-02
  0.703633E-04 -0.502957E+06 -0.124425E-03  0.660142E+07  0.139427E-02  0.900294E+04
 1.2953
  0.280841E+08  0.209894E-01  0.153342E+01 -0.245361E-01  0.366056E+09 -0.347048E-04
 -0.850677E-02  0.280841E+08  0.595951E-02 -0.366057E+09  0.424438E+00 -0.502706E+06
 -0.594681E+00  0.170801E+00  0.193772E+07  0.274436E+02  0.346698E+05  0.163012E-01
 -0.326782E+00 -0.366539E+09  0.124070E+02  0.287386E+11 -0.181562E+02  0.656105E+07
  0.366540E+09 -0.372803E+00  0.347084E+05 -0.180469E+02  0.287386E+11 -0.239563E-02
  0.135005E-04 -0.502706E+06  0.583649E-03  0.655243E+07 -0.114965E-01  0.899844E+04
 1.3423
  0.280963E+08  0.113153E-01 -0.674402E+01 -0.812073E-01  0.365334E+09 -0.139609E-03
  0.238037E-02  0.280966E+08 -0.452614E-02 -0.365333E+09 -0.455902E+00 -0.502927E+06
 -0.397003E+01 -0.532813E-01  0.194091E+07  0.227625E+02  0.345095E+05 -0.316724E-02
  0.104309E+00 -0.365823E+09 -0.922498E+01  0.285928E+11 -0.260781E+02  0.654826E+07
  0.365826E+09 -0.120685E+01  0.347745E+05 -0.804688E+00  0.285929E+11 -0.580788E-02
 -0.146262E-03 -0.502927E+06 -0.278652E-04  0.653947E+07  0.131335E-01  0.900239E+04
 1.3894
  0.281270E+08  0.299752E-03  0.374786E+00 -0.164564E+00  0.366068E+09  0.579685E-03
  0.903726E-03  0.281270E+08  0.704947E-01 -0.366069E+09  0.753941E+00 -0.503476E+06
 -0.612860E+01 -0.572677E+00  0.194464E+07  0.122272E+01  0.345607E+05  0.590961E-02
  0.199890E-01 -0.366566E+09  0.854187E+00  0.285588E+11 -0.418633E+02  0.656156E+07
  0.366568E+09  0.423187E+00  0.348871E+05  0.343672E+02  0.285589E+11  0.876331E-02
  0.514011E-04 -0.503476E+06  0.121151E-02  0.655263E+07 -0.107902E-02  0.901223E+04
 1.4364
  0.281695E+08 -0.439262E-02  0.148906E+01 -0.109558E+00  0.367805E+09 -0.154354E-03
 -0.120974E-02  0.281695E+08 -0.605202E-02 -0.367805E+09  0.677826E+00 -0.504236E+06
  0.104202E+01  0.832066E+00  0.194885E+07  0.389350E+02  0.348862E+05 -0.163837E-01
 -0.678116E+00 -0.368308E+09 -0.895758E+01  0.286045E+11 -0.312178E+02  0.659272E+07
  0.368308E+09 -0.876785E+00  0.349878E+05  0.304238E+02  0.286046E+11  0.131471E-01
  0.194624E-03 -0.504236E+06 -0.746086E-03  0.658373E+07  0.923061E-02  0.902585E+04
 1.4835
  0.282188E+08 -0.195179E-01  0.170474E+01  0.113892E+00  0.370179E+09 -0.260517E-03
 -0.114493E-01  0.282188E+08  0.372057E-01 -0.370178E+09 -0.310120E+00 -0.505118E+06
 -0.567599E+01  0.657115E+00  0.195322E+07  0.209116E+02  0.348619E+05  0.349264E-02
  0.221291E+00 -0.370686E+09 -0.526929E+01  0.287047E+11  0.249443E+02  0.663528E+07
  0.370687E+09 -0.643539E-01  0.351009E+05  0.106826E+02  0.287047E+11  0.178576E-03
  0.334591E-03 -0.505119E+06  0.106201E-02  0.662620E+07  0.159836E-02  0.904162E+04
 1.5305
  0.282717E+08  0.946140E-02  0.200148E+01 -0.338257E+00  0.372951E+09 -0.618398E-04
 -0.953484E-02  0.282718E+08  0.382366E-01 -0.372950E+09  0.913208E+00 -0.506064E+06
 -0.549944E+01 -0.450671E+00  0.195764E+07 -0.187337E+02  0.350046E+05 -0.233960E-01
 -0.233093E+00 -0.373460E+09 -0.546906E+01  0.288412E+11 -0.151953E+01  0.668495E+07
  0.373462E+09 -0.256470E+00  0.352227E+05 -0.723965E+02  0.288412E+11 -0.959206E-02
  0.224262E-04 -0.506065E+06 -0.318110E-03  0.667582E+07 -0.611305E-02  0.905859E+04
 1.5776
  0.283255E+08  0.548363E-03  0.197672E+01  0.267822E+00  0.375914E+09  0.537187E-04
  0.262928E-02  0.283256E+08 -0.305443E-01 -0.375916E+09  0.962769E+00 -0.507029E+06
  0.283112E+00 -0.534568E+00  0.196199E+07  0.629612E+02  0.351122E+05 -0.214757E-01
  0.262299E+00 -0.376426E+09 -0.197296E+01  0.289989E+11  0.703125E-01  0.673805E+07
  0.376427E+09  0.119617E+01  0.353531E+05 -0.210156E+02  0.289989E+11  0.566769E-02
  0.190735E-05 -0.507030E+06 -0.980645E-04  0.672889E+07  0.663185E-02  0.907584E+04
 1.6246
  0.283790E+08  0.178204E-01  0.234967E+01  0.209351E+00  0.378961E+09  0.363991E-03
  0.401974E-02  0.283791E+08  0.819502E-01 -0.378962E+09 -0.486694E+00 -0.507986E+06
  0.112895E+01 -0.100568E+00  0.196623E+07 -0.215428E+02  0.351493E+05  0.365931E-02
  0.828247E-01 -0.379473E+09  0.816888E+01  0.291690E+11 -0.198477E+02  0.679259E+07
  0.379475E+09 -0.123389E+01  0.354431E+05 -0.158750E+02  0.291691E+11  0.410175E-02
  0.385940E-04 -0.507986E+06 -0.229225E-03  0.678341E+07 -0.610733E-02  0.909297E+04
 1.6717
  0.284309E+08 -0.955582E-03  0.227859E+01  0.256348E-02  0.381986E+09  0.187576E-03
  0.218048E-01  0.284309E+08 -0.407696E-02 -0.381985E+09  0.557495E+00 -0.508913E+06
  0.118137E+01 -0.152993E+01  0.197024E+07  0.368577E+02  0.352196E+05 -0.134714E-01
  0.529785E-01 -0.382499E+09 -0.431213E+00  0.293436E+11 -0.129609E+02  0.684674E+07
  0.382499E+09  0.753113E+00  0.354669E+05  0.581641E+01  0.293436E+11 -0.119734E-01
  0.798702E-05 -0.508913E+06 -0.651941E-03  0.683754E+07  0.737572E-02  0.910955E+04
 1.7187
  0.284805E+08 -0.261116E-01  0.240997E+00  0.182617E+00  0.384941E+09  0.682473E-05
  0.175858E-02  0.284805E+08 -0.470352E-01 -0.384941E+09  0.286377E+00 -0.509802E+06
  0.174626E+01 -0.941683E+00  0.197402E+07  0.110673E+02  0.353081E+05  0.499161E-02
 -0.578186E+00 -0.385455E+09  0.222559E+01  0.295184E+11 -0.557812E+01  0.689965E+07
  0.385455E+09 -0.796753E+00  0.352997E+05 -0.107891E+02  0.295184E+11 -0.403118E-02
 -0.287652E-03 -0.509803E+06 -0.438884E-03  0.689045E+07 -0.223541E-02  0.912548E+04
 1.7657
  0.285275E+08 -0.695992E-02  0.456696E+00  0.191528E+00  0.387777E+09 -0.272006E-03
  0.119209E-03  0.285275E+08  0.199594E-01 -0.387777E+09  0.297852E-01 -0.510643E+06
  0.341202E+01 -0.153283E+01  0.197754E+07 -0.240780E+02  0.354502E+05 -0.157036E-02
 -0.253906E-01 -0.388291E+09  0.514026E+01  0.296892E+11  0.135156E+01  0.695042E+07
  0.388291E+09 -0.134290E+01  0.353611E+05 -0.629688E+01  0.296892E+11  0.832558E-02
  0.133276E-03 -0.510643E+06 -0.150785E-03  0.694122E+07 -0.881195E-03  0.914051E+04
 1.8128
  0.285718E+08 -0.757790E-02 -0.117676E+00 -0.175781E+00  0.390485E+09  0.797510E-03
  0.238228E-01  0.285718E+08  0.635233E-01 -0.390485E+09  0.769653E+00 -0.511437E+06
  0.519287E+00  0.972238E+00  0.198083E+07 -0.901733E+00  0.354511E+05  0.931516E-02
 -0.438354E+00 -0.390998E+09 -0.136384E+02  0.298546E+11 -0.246094E+02  0.699886E+07
  0.390999E+09  0.191223E+00  0.354283E+05 -0.434453E+02  0.298548E+11  0.116844E-01
  0.209332E-03 -0.511436E+06  0.132997E-02  0.698968E+07  0.163822E-01  0.915470E+04
 1.8598
  0.286133E+08  0.334740E-02 -0.131955E+01 -0.479370E+00  0.393046E+09 -0.476301E-03
  0.234718E-01  0.286134E+08 -0.640707E-01 -0.393047E+09 -0.192871E+00 -0.512180E+06
 -0.596603E+00  0.162932E+00  0.198393E+07 -0.497741E+02  0.355181E+05 -0.628451E-02
 -0.210754E+00 -0.393559E+09 -0.159389E+02  0.300133E+11  0.364297E+02  0.704472E+07
  0.393562E+09 -0.311035E+00  0.355337E+05 -0.760625E+02  0.300134E+11 -0.691986E-02
 -0.451505E-04 -0.512180E+06 -0.172943E-03  0.703556E+07 -0.214767E-02  0.916802E+04
 1.9069
  0.286519E+08  0.226402E-02 -0.366089E+00  0.257690E+00  0.395455E+09  0.444353E-03
 -0.492859E-02  0.286520E+08  0.882072E-01 -0.395456E+09  0.343018E+00 -0.512871E+06
  0.395889E+00 -0.142695E+01  0.198607E+07  0.427232E+02  0.355377E+05  0.171939E-01
 -0.643921E-01 -0.395967E+09  0.213788E+01  0.301639E+11  0.101562E+00  0.708782E+07
  0.395968E+09  0.356384E+00  0.356612E+05 -0.355469E+01  0.301639E+11  0.354385E-02
 -0.255108E-04 -0.512871E+06  0.105816E-02  0.707867E+07 -0.452995E-02  0.918042E+04
 1.9539
  0.286880E+08  0.217056E-02 -0.938293E+00  0.112793E+01  0.397718E+09 -0.155598E-03
 -0.183239E-01  0.286880E+08  0.898714E-01 -0.397719E+09 -0.391113E+00 -0.513517E+06
 -0.719193E+00  0.573991E+00  0.198885E+07 -0.230868E+02  0.356218E+05 -0.661011E-02
 -0.777100E+00 -0.398228E+09 -0.128730E+02  0.303065E+11 -0.198672E+02  0.712830E+07
  0.398229E+09 -0.116858E+01  0.352371E+05 -0.189609E+02  0.303065E+11  0.138092E-02
  0.277728E-03 -0.513517E+06  0.337899E-03  0.711919E+07  0.535011E-02  0.919196E+04
 2.0010
  0.287216E+08 -0.625420E-02  0.270721E+01 -0.561523E-02  0.399840E+09  0.299305E-03
 -0.352478E-02  0.287216E+08 -0.901794E-01 -0.399840E+09 -0.266602E+00 -0.514117E+06
 -0.562439E+00  0.646460E+00  0.199113E+07 -0.825311E+01  0.356606E+05 -0.854880E-04
  0.660400E-01 -0.400348E+09 -0.315076E+01  0.304412E+11 -0.531875E+02  0.716623E+07
  0.400349E+09  0.968811E+00  0.354758E+05  0.334688E+02  0.304413E+11  0.390625E-02
 -0.414610E-03 -0.514118E+06  0.149640E-02  0.715716E+07 -0.168419E-02  0.920269E+04
 2.0480
  0.287529E+08 -0.993729E-02 -0.757874E+00  0.739746E-01  0.401827E+09 -0.662506E-04
 -0.392914E-02  0.287529E+08  0.199451E-01 -0.401827E+09  0.979370E+00 -0.514677E+06
  0.369492E+01  0.812422E+00  0.199319E+07  0.729965E+01  0.357334E+05  0.706559E-02
  0.733032E-01 -0.402333E+09  0.250977E+01  0.305683E+11 -0.404609E+02  0.720178E+07
  0.402335E+09 -0.151831E+01  0.355857E+05  0.445312E+00  0.305683E+11 -0.268936E-02
  0.115335E-04 -0.514678E+06 -0.157464E-02  0.719271E+07 -0.252533E-02  0.921274E+04
 2.0951
  0.287820E+08 -0.218143E-01 -0.306204E+01 -0.290894E+00  0.403684E+09 -0.441015E-03
 -0.150242E-01  0.287820E+08 -0.542126E-01 -0.403685E+09 -0.627319E+00 -0.515198E+06
  0.375122E+00  0.936129E+00  0.199507E+07  0.330808E+02  0.357067E+05  0.333869E-02
 -0.299805E+00 -0.404190E+09  0.908118E+01  0.306879E+11 -0.353047E+02  0.723504E+07
  0.404191E+09  0.365906E+00  0.351653E+05 -0.628906E+01  0.306879E+11  0.404549E-02
 -0.392020E-03 -0.515199E+06  0.310034E-03  0.722597E+07 -0.141430E-01  0.922210E+04
 2.1421
  0.288090E+08 -0.135870E-01 -0.522021E+01 -0.775146E+00  0.405416E+09  0.302494E-03
  0.141544E-01  0.288090E+08 -0.698757E-01 -0.405415E+09 -0.132202E+00 -0.515682E+06
 -0.684891E+00  0.850516E+00  0.199678E+07 -0.326225E+02  0.357535E+05 -0.283059E-01
  0.805908E+00 -0.405918E+09  0.219409E+01  0.307996E+11  0.112344E+02  0.726593E+07
  0.405919E+09 -0.263672E+00  0.350624E+05  0.296484E+02  0.307998E+11  0.692177E-02
  0.163049E-03 -0.515683E+06  0.849545E-03  0.725695E+07  0.312424E-02  0.923072E+04
 2.1892
  0.288342E+08  0.208817E-01 -0.551038E+01 -0.159912E-01  0.407036E+09  0.159442E-04
  0.117207E-02  0.288342E+08 -0.318699E-01 -0.407037E+09  0.296875E+00 -0.516133E+06
 -0.124004E+01  0.172513E+01  0.199832E+07  0.297753E+02  0.356926E+05  0.925203E-02
  0.198059E+00 -0.407535E+09 -0.650952E+01  0.309050E+11  0.196875E+01  0.729489E+07
  0.407536E+09 -0.539856E+00  0.355579E+05  0.314141E+02  0.309050E+11 -0.470734E-02
  0.196606E-03 -0.516133E+06 -0.841588E-03  0.728597E+07 -0.184822E-02  0.923880E+04
 2.2362
  0.288577E+08 -0.183096E-01  0.193034E+02  0.161377E+00  0.408560E+09  0.170469E-03
 -0.323200E-02  0.288577E+08 -0.367355E-02 -0.408560E+09  0.323242E+00 -0.516554E+06
 -0.697289E+00  0.195317E+00  0.199977E+07 -0.229774E+02  0.358002E+05  0.545378E-02
  0.112366E+00 -0.409058E+09 -0.324536E+01  0.310044E+11 -0.364297E+02  0.732213E+07
  0.409058E+09 -0.401978E+00  0.358827E+05 -0.577422E+02  0.310045E+11 -0.339527E-01
  0.765949E-03 -0.516554E+06  0.871807E-03  0.731324E+07 -0.120068E-01  0.924631E+04
 2.2833
  0.288800E+08  0.349045E-03 -0.754852E+00 -0.158691E-01  0.410003E+09 -0.194460E-03
 -0.132456E-01  0.288800E+08  0.134621E-01 -0.410006E+09 -0.232056E+00 -0.516952E+06
 -0.685570E+00 -0.215174E+01  0.200104E+07  0.602676E+01  0.358246E+05 -0.125041E-01
 -0.761719E-01 -0.410500E+09 -0.124585E+01  0.310991E+11  0.240859E+02  0.734795E+07
  0.410501E+09  0.598206E+00  0.357319E+05  0.384375E+01  0.310992E+11  0.152359E-01
  0.000000E+00 -0.516952E+06  0.642210E-03  0.733909E+07 -0.869179E-02  0.925346E+04
 2.3303
  0.289012E+08  0.290375E-01  0.159445E+01 -0.105432E+01  0.411389E+09  0.864565E-04
  0.914383E-02  0.289011E+08  0.834675E-01 -0.411390E+09  0.348389E+00 -0.517332E+06
 -0.823013E+00 -0.692940E-02  0.200224E+07  0.593746E+02  0.358471E+05  0.117083E-01
  0.157471E-01 -0.411883E+09  0.432739E+00  0.311906E+11  0.596875E+01  0.737272E+07
  0.411885E+09  0.814880E+00  0.360143E+05  0.433594E+01  0.311907E+11  0.360489E-02
  0.829101E-04 -0.517333E+06  0.327325E-02  0.736389E+07  0.436020E-02  0.926028E+04
 2.3774
  0.289235E+08  0.490856E-02 -0.383423E+00  0.107581E+01  0.412878E+09 -0.274017E-03
  0.716496E-02  0.289234E+08 -0.923176E-01 -0.412878E+09 -0.156250E+00 -0.517730E+06
  0.217850E+00  0.861912E-01  0.200333E+07  0.823984E+02  0.359150E+05  0.770883E-02
 -0.113281E+00 -0.413365E+09  0.128739E+02  0.312911E+11 -0.363672E+02  0.739923E+07
  0.413367E+09  0.677673E+00  0.370530E+05 -0.400938E+02  0.312911E+11  0.147467E-01
 -0.188887E-03 -0.517731E+06  0.900954E-03  0.739053E+07 -0.134468E-02  0.926738E+04
 2.4244
  0.289280E+08 -0.147038E-01  0.571899E-01  0.192993E+00  0.413015E+09 -0.244796E-03
  0.487518E-02  0.289279E+08  0.142231E+00 -0.413014E+09  0.839844E-01 -0.517812E+06
 -0.815422E+00  0.868628E+00  0.200438E+07 -0.787708E+01  0.358803E+05 -0.215835E-01
 -0.559692E+00 -0.413510E+09 -0.326270E+01  0.312897E+11  0.168438E+02  0.740184E+07
  0.413512E+09 -0.840088E+00  0.360108E+05  0.329922E+02  0.312898E+11 -0.193787E-02
  0.167787E-03 -0.517812E+06  0.223362E-02  0.739299E+07 -0.620842E-02  0.926883E+04
 2.4715
  0.289509E+08  0.302029E-02  0.427362E+01  0.127319E+00  0.414572E+09  0.765324E-04
  0.124836E-02  0.289508E+08  0.169960E+00 -0.414574E+09 -0.114624E+00 -0.518221E+06
  0.783539E-02  0.178393E+01  0.200531E+07  0.647553E+02  0.359283E+05 -0.146976E-01
  0.641418E+00 -0.415065E+09 -0.864319E+01  0.313972E+11  0.206719E+02  0.742967E+07
  0.415067E+09  0.175049E+00  0.360904E+05 -0.655391E+02  0.313972E+11  0.120163E-03
 -0.195712E-03 -0.518222E+06 -0.904381E-03  0.742088E+07  0.220680E-02  0.927616E+04
 2.5185
  0.289677E+08  0.513077E-03  0.336804E+01 -0.150269E+00  0.415685E+09  0.760168E-03
  0.680923E-03  0.289676E+08  0.597134E-01 -0.415686E+09  0.891602E+00 -0.518522E+06
  0.850937E+00 -0.927379E+00  0.200619E+07  0.103287E+02  0.359502E+05  0.625811E-02
  0.564331E+00 -0.416175E+09 -0.861353E+01  0.314716E+11 -0.648438E+01  0.744956E+07
  0.416178E+09 -0.512695E-01  0.361681E+05 -0.682812E+01  0.314716E+11 -0.767899E-02
  0.267059E-03 -0.518522E+06  0.203571E-02  0.744078E+07 -0.657845E-02  0.928155E+04
 2.5656
  0.289830E+08 -0.980663E-02 -0.198792E+00 -0.318970E+00  0.416696E+09  0.235677E-03
 -0.624657E-02  0.289829E+08  0.284462E-01 -0.416695E+09 -0.938721E-01 -0.518796E+06
 -0.763245E+00 -0.183225E+01  0.200700E+07 -0.685934E+01  0.359321E+05  0.166907E-01
 -0.737915E-01 -0.417183E+09  0.797705E+01  0.315389E+11  0.417266E+02  0.746760E+07
  0.417186E+09 -0.483154E+00  0.359815E+05  0.303281E+02  0.315389E+11  0.357246E-02
 -0.501573E-04 -0.518797E+06  0.103283E-02  0.745888E+07 -0.156784E-01  0.928646E+04
 2.6126
  0.289974E+08  0.327587E-02 -0.233563E+01 -0.227051E-01  0.417639E+09 -0.146344E-03
 -0.557899E-03  0.289973E+08  0.719948E-01 -0.417640E+09  0.592041E+00 -0.519053E+06
 -0.773041E+00 -0.105240E+01  0.200775E+07  0.242946E+02  0.359474E+05 -0.349678E-03
  0.356567E+00 -0.418124E+09  0.183157E+02  0.316017E+11 -0.381250E+01  0.748443E+07
  0.418126E+09  0.567932E+00  0.358533E+05 -0.264844E+02  0.316018E+11  0.566292E-02
  0.305921E-04 -0.519053E+06 -0.549257E-04  0.747575E+07  0.982285E-03  0.929106E+04
 2.6596
  0.290109E+08  0.161648E-01  0.109802E+01  0.499390E+00  0.418528E+09  0.101894E-03
  0.869083E-02  0.290108E+08 -0.469208E-02 -0.418530E+09  0.165283E+00 -0.519296E+06
 -0.489998E+00  0.700409E+00  0.200845E+07  0.474585E+02  0.359501E+05 -0.692451E-02
 -0.326172E+00 -0.419015E+09 -0.116309E+01  0.316611E+11 -0.350156E+02  0.750038E+07
  0.419016E+09 -0.137024E+00  0.359104E+05 -0.553047E+02  0.316613E+11  0.451088E-02
 -0.117853E-03 -0.519295E+06 -0.181007E-02  0.749170E+07 -0.624657E-02  0.929540E+04
 2.7067
  0.290237E+08 -0.338745E-02  0.132922E+01  0.167603E+00  0.419370E+09 -0.370771E-03
 -0.170708E-01  0.290236E+08 -0.270655E+00 -0.419370E+09  0.147095E+00 -0.519524E+06
 -0.648407E+00 -0.238235E+01  0.200910E+07  0.947077E+02  0.359587E+05  0.891878E-02
  0.714661E+00 -0.419858E+09  0.141393E+02  0.317174E+11  0.196094E+01  0.751545E+07
  0.419858E+09 -0.452881E+00  0.358638E+05 -0.675781E+01  0.317175E+11 -0.118732E-01
 -0.232741E-03 -0.519523E+06 -0.258556E-02  0.750673E+07  0.158138E-01  0.929948E+04
 2.7537
  0.290358E+08  0.101089E-03  0.132587E+01 -0.149170E+00  0.420167E+09  0.355035E-03
 -0.580311E-02  0.290358E+08 -0.115814E-01 -0.420170E+09  0.846863E+00 -0.519742E+06
  0.118303E+01 -0.999460E+00  0.200967E+07  0.620723E+02  0.360065E+05  0.172266E-01
 -0.304077E+00 -0.420654E+09 -0.721887E+01  0.317708E+11  0.186406E+02  0.752972E+07
  0.420656E+09 -0.457764E-02  0.360711E+05 -0.232500E+02  0.317708E+11  0.328636E-02
 -0.294596E-04 -0.519741E+06  0.236490E-02  0.752103E+07 -0.612640E-02  0.930336E+04
 2.8008
  0.290472E+08 -0.691414E-02 -0.689087E+00  0.636780E+00  0.420925E+09 -0.182733E-03
  0.170565E-01  0.290472E+08 -0.159523E+00 -0.420925E+09 -0.338562E+00 -0.519946E+06
  0.555546E+01 -0.125787E+01  0.201023E+07  0.400229E+02  0.360442E+05  0.171944E-03
  0.345581E+00 -0.421409E+09 -0.115182E+02  0.318213E+11 -0.521250E+02  0.754323E+07
  0.421411E+09  0.604248E-02  0.358601E+05  0.375938E+02  0.318214E+11 -0.370598E-02
  0.369996E-03 -0.519947E+06  0.503629E-03  0.753458E+07 -0.209999E-02  0.930706E+04
 2.8478
  0.290581E+08  0.154343E-01 -0.576782E-01 -0.269836E+00  0.421642E+09 -0.456125E-04
  0.164633E-01  0.290581E+08 -0.793457E-01 -0.421641E+09  0.396729E-02 -0.520140E+06
  0.429014E+01 -0.612060E+00  0.201073E+07 -0.170745E+02  0.360118E+05 -0.330180E-02
 -0.770386E+00 -0.422127E+09  0.138693E+02  0.318694E+11 -0.410195E+02  0.755608E+07
  0.422128E+09  0.680176E+00  0.359069E+05  0.266641E+02  0.318695E+11  0.203800E-02
 -0.115678E-03 -0.520142E+06  0.182167E-02  0.754744E+07  0.749969E-02  0.931057E+04
 2.8949
  0.290684E+08 -0.521469E-02  0.701904E-02 -0.338806E+00  0.422324E+09 -0.385582E-03
 -0.742722E-02  0.290684E+08  0.962067E-01 -0.422326E+09  0.631775E+00 -0.520325E+06
  0.839767E+00  0.134142E+01  0.201113E+07  0.227293E+02  0.360282E+05  0.111790E-02
 -0.507812E-01 -0.422810E+09  0.189329E+02  0.319153E+11  0.139258E+02  0.756830E+07
  0.422811E+09 -0.515686E+00  0.360793E+05 -0.931250E+01  0.319154E+11 -0.134888E-01
 -0.185654E-03 -0.520325E+06 -0.214133E-02  0.755964E+07  0.157547E-01  0.931383E+04
 2.9419
  0.290782E+08 -0.145855E-01 -0.254761E+00 -0.554810E+00  0.422976E+09 -0.292718E-03
  0.937080E-02  0.290782E+08  0.382938E-01 -0.422976E+09 -0.361877E+00 -0.520501E+06
  0.523240E+01 -0.104418E+01  0.201160E+07  0.948344E+01  0.360362E+05 -0.135247E-01
  0.473633E+00 -0.423461E+09  0.201398E+02  0.319592E+11 -0.504023E+02  0.757996E+07
  0.423463E+09  0.229980E+00  0.360525E+05  0.326211E+02  0.319592E+11 -0.703430E-02
 -0.335872E-04 -0.520502E+06  0.151181E-02  0.757131E+07 -0.511360E-02  0.931697E+04
 2.9890
  0.290876E+08  0.121269E-01 -0.347418E+01 -0.268860E+00  0.423594E+09 -0.105813E-03
 -0.785160E-02  0.290875E+08  0.322628E-01 -0.423595E+09  0.268250E+00 -0.520668E+06
  0.128030E+01  0.935510E+00  0.201198E+07 -0.539395E+01  0.360277E+05  0.178280E-01
 -0.306091E+00 -0.424077E+09 -0.159288E+02  0.320007E+11  0.262500E+01  0.759100E+07
  0.424078E+09 -0.155457E+00  0.352759E+05 -0.167031E+02  0.320008E+11  0.794983E-02
 -0.149250E-03 -0.520668E+06  0.185698E-03  0.758235E+07 -0.601768E-03  0.931996E+04
 3.0360
  0.290964E+08 -0.758076E-02  0.145050E+02  0.329285E+00  0.424180E+09 -0.961274E-04
 -0.205812E-01  0.290964E+08  0.149765E-01 -0.424179E+09  0.623413E+00 -0.520827E+06
 -0.303203E+01  0.647371E+00  0.201236E+07  0.243649E+02  0.359545E+05 -0.463674E-02
  0.112183E+00 -0.424663E+09  0.199022E+02  0.320403E+11 -0.123398E+02  0.760148E+07
  0.424665E+09 -0.458374E+00  0.359971E+05 -0.318555E+02  0.320403E+11  0.447941E-02
  0.149906E-04 -0.520827E+06 -0.315112E-02  0.759282E+07 -0.133171E-01  0.932280E+04
 3.0831
  0.291049E+08  0.223255E-02 -0.324713E+01  0.165955E+00  0.424733E+09 -0.349492E-03
 -0.636196E-02  0.291048E+08 -0.151779E+00 -0.424734E+09  0.481567E-01 -0.520978E+06
  0.577442E+00  0.483017E+00  0.201275E+07  0.446381E+02  0.360638E+05 -0.462265E-02
 -0.352417E+00 -0.425217E+09  0.780298E+01  0.320777E+11  0.338320E+02  0.761139E+07
  0.425219E+09  0.653748E+00  0.361289E+05  0.286602E+02  0.320777E+11 -0.359535E-02
  0.205636E-04 -0.520977E+06 -0.122905E-03  0.760274E+07  0.353432E-02  0.932550E+04
 3.1301
  0.291129E+08  0.663567E-02 -0.102252E+01 -0.549438E+00  0.425255E+09 -0.760615E-03
 -0.101347E-01  0.291128E+08 -0.130463E-02 -0.425256E+09  0.188660E+00 -0.521120E+06
  0.612052E+01  0.592865E-01  0.201312E+07  0.234559E+02  0.359798E+05  0.630888E-02
  0.137634E+00 -0.425739E+09  0.218433E+02  0.321131E+11  0.470664E+02  0.762071E+07
  0.425740E+09  0.330505E+00  0.363429E+05  0.260273E+02  0.321131E+11  0.251436E-01
 -0.297844E-03 -0.521120E+06  0.132525E-02  0.761210E+07  0.134668E-01  0.932802E+04
 3.1772
  0.291203E+08  0.725460E-02  0.207831E+01  0.910034E-01  0.425739E+09  0.846684E-04
  0.591087E-02  0.291203E+08  0.976295E-01 -0.425740E+09 -0.518433E+00 -0.521253E+06
  0.556202E+01 -0.158540E+00  0.201348E+07  0.265660E+02  0.359908E+05 -0.445750E-02
  0.450562E+00 -0.426222E+09  0.150568E+02  0.321458E+11  0.147930E+02  0.762937E+07
  0.426224E+09  0.181824E+00  0.363071E+05 -0.187617E+02  0.321459E+11 -0.958443E-03
 -0.478625E-04 -0.521254E+06  0.384071E-02  0.762074E+07 -0.100193E-01  0.933045E+04
 3.2242
  0.291267E+08  0.361347E-02  0.233826E+01 -0.411316E+00  0.426144E+09 -0.773668E-04
 -0.799370E-02  0.291267E+08  0.159187E-01 -0.426146E+09 -0.841248E+00 -0.521369E+06
  0.877258E+00  0.558529E+00  0.201381E+07  0.119547E+02  0.360875E+05 -0.267268E-02
 -0.170898E+00 -0.426626E+09  0.218384E+02  0.321727E+11 -0.401562E+01  0.763661E+07
  0.426628E+09 -0.449585E+00  0.362111E+05 -0.526641E+02  0.321729E+11 -0.157042E-01
  0.318781E-03 -0.521369E+06  0.266579E-02  0.762803E+07 -0.702667E-02  0.933250E+04
 3.2713
  0.291395E+08 -0.131283E-01 -0.653198E+00  0.655945E+00  0.427034E+09  0.689030E-04
 -0.149632E-02  0.291395E+08  0.193092E+00 -0.427035E+09  0.533142E+00 -0.521598E+06
  0.997723E+00  0.357300E+00  0.201411E+07  0.342405E+02  0.360945E+05 -0.969778E-02
 -0.848389E-01 -0.427527E+09  0.242676E+00  0.322374E+11  0.262500E+01  0.765274E+07
  0.427529E+09  0.332947E+00  0.359903E+05 -0.388633E+02  0.322374E+11  0.123882E-02
 -0.713170E-04 -0.521598E+06  0.134566E-02  0.764396E+07 -0.274849E-02  0.933664E+04
 3.3183
  0.291431E+08  0.849152E-02  0.223651E+01 -0.958252E-01  0.427230E+09  0.463128E-04
 -0.136290E-01  0.291431E+08 -0.627937E-01 -0.427231E+09 -0.588684E+00 -0.521661E+06
 -0.565006E+00 -0.523123E+00  0.201442E+07 -0.229164E+02  0.360546E+05  0.119944E-01
  0.566162E+00 -0.427712E+09 -0.749194E+01  0.322484E+11 -0.140273E+02  0.765604E+07
  0.427714E+09  0.356262E+00  0.362611E+05 -0.850312E+02  0.322484E+11 -0.667763E-02
  0.393808E-03 -0.521661E+06  0.303257E-02  0.764745E+07 -0.313187E-02  0.933774E+04
 3.3654
  0.291490E+08  0.154095E-01  0.280609E+01  0.494995E+00  0.427613E+09 -0.220463E-03
 -0.209608E-01  0.291490E+08 -0.157692E+00 -0.427613E+09 -0.805054E-01 -0.521767E+06
  0.122284E+01 -0.140530E+01  0.201468E+07  0.603238E+02  0.360552E+05 -0.336893E-02
 -0.536072E+00 -0.428091E+09  0.152990E+02  0.322739E+11  0.902734E+01  0.766285E+07
  0.428093E+09 -0.106030E+01  0.362080E+05  0.815234E+01  0.322740E+11  0.698090E-03
 -0.124261E-03 -0.521768E+06  0.229001E-03  0.765429E+07 -0.826359E-02  0.933965E+04
 3.4124
  0.291550E+08  0.121689E-02 -0.251636E+01  0.800720E+00  0.427993E+09  0.164002E-03
 -0.137568E-01  0.291550E+08 -0.853329E-01 -0.427995E+09 -0.203857E+00 -0.521875E+06
 -0.485058E+00 -0.458169E-01  0.201495E+07  0.109021E+03  0.360155E+05 -0.427005E-02
 -0.208862E+00 -0.428472E+09 -0.567444E+01  0.322996E+11 -0.236523E+02  0.766967E+07
  0.428474E+09 -0.871582E+00  0.355915E+05  0.455117E+02  0.322998E+11  0.410080E-03
 -0.276566E-04 -0.521876E+06 -0.364009E-02  0.766114E+07  0.256748E-01  0.934159E+04
 3.4594
  0.291608E+08  0.405407E-02 -0.134381E+01 -0.303101E+00  0.428366E+09  0.633717E-03
 -0.655842E-02  0.291608E+08  0.149454E+00 -0.428367E+09 -0.805298E+00 -0.521978E+06
 -0.125294E-01  0.981145E+00  0.201521E+07  0.207577E+02  0.360664E+05  0.113016E-01
  0.873108E+00 -0.428842E+09  0.320435E+00  0.323246E+11 -0.464844E+01  0.767629E+07
  0.428843E+09 -0.159302E-01  0.360456E+05  0.697656E+01  0.323247E+11  0.169086E-02
  0.429407E-03 -0.521979E+06 -0.173569E-03  0.766778E+07  0.902557E-02  0.934343E+04
 3.5065
  0.291665E+08  0.406551E-02  0.148193E+00  0.557617E+00  0.428725E+09 -0.951096E-03
  0.276842E-01  0.291664E+08  0.480537E-01 -0.428726E+09 -0.252014E+00 -0.522079E+06
 -0.343929E+00  0.911615E+00  0.201549E+07  0.151080E+01  0.360744E+05 -0.826169E-02
 -0.106018E+00 -0.429202E+09  0.205835E+01  0.323488E+11 -0.137148E+02  0.768272E+07
  0.429204E+09  0.890320E+00  0.363729E+05  0.184492E+02  0.323489E+11 -0.491810E-02
  0.252426E-04 -0.522078E+06 -0.625193E-03  0.767420E+07  0.100479E-01  0.934521E+04
 3.5535
  0.291719E+08  0.206575E-01 -0.617651E+01  0.280151E+00  0.429072E+09 -0.853688E-04
 -0.762081E-02  0.291718E+08 -0.120689E+00 -0.429074E+09 -0.601196E+00 -0.522176E+06
 -0.140879E+00 -0.215182E+01  0.201571E+07 -0.287670E+01  0.360695E+05  0.933657E-02
  0.294617E+00 -0.429547E+09 -0.330981E+01  0.323720E+11 -0.106289E+02  0.768890E+07
  0.429549E+09 -0.354309E+00  0.363586E+05 -0.269844E+02  0.323721E+11  0.605869E-02
 -0.247553E-03 -0.522176E+06  0.118047E-03  0.768043E+07 -0.208569E-02  0.934697E+04
 3.6006
  0.291771E+08 -0.679016E-03  0.159204E+01  0.441528E+00  0.429409E+09 -0.989288E-04
  0.627613E-02  0.291771E+08 -0.707760E-01 -0.429410E+09  0.774170E+00 -0.522271E+06
  0.134824E+01  0.123019E+01  0.201590E+07  0.603118E+02  0.360744E+05  0.690456E-02
 -0.321716E+00 -0.429883E+09 -0.956824E+01  0.323945E+11 -0.668672E+02  0.769491E+07
  0.429885E+09 -0.449646E+00  0.360251E+05  0.657266E+02  0.323946E+11 -0.236835E-01
  0.119269E-03 -0.522271E+06  0.354022E-03  0.768646E+07  0.113459E-01  0.934866E+04
 3.6476
  0.291822E+08  0.107603E-01 -0.480487E+01  0.485413E+00  0.429734E+09  0.633270E-03
  0.164499E-01  0.291822E+08 -0.751839E-01 -0.429735E+09  0.628662E-02 -0.522362E+06
  0.166870E+01  0.130849E+01  0.201609E+07 -0.194493E+01  0.360458E+05  0.117155E-01
  0.373962E+00 -0.430207E+09  0.266174E+01  0.324162E+11 -0.500391E+01  0.770073E+07
  0.430209E+09  0.622559E-02  0.362409E+05  0.107266E+02  0.324162E+11  0.529575E-02
  0.143975E-03 -0.522362E+06  0.403824E-02  0.769227E+07  0.579357E-02  0.935026E+04
 3.6947
  0.291871E+08  0.690460E-02 -0.527771E+00 -0.637695E+00  0.430047E+09 -0.527859E-03
  0.552177E-03  0.291871E+08  0.724201E-01 -0.430049E+09  0.329956E+00 -0.522451E+06
  0.156986E+01  0.382520E+00  0.201627E+07  0.603213E+02  0.361331E+05 -0.411594E-03
 -0.227661E+00 -0.430521E+09 -0.398828E+01  0.324370E+11  0.232617E+02  0.770634E+07
  0.430524E+09 -0.339905E+00  0.357148E+05  0.101875E+02  0.324372E+11  0.390244E-02
  0.184223E-03 -0.522450E+06  0.100133E-02  0.769790E+07 -0.295639E-04  0.935186E+04
 3.7417
  0.291918E+08 -0.178838E-01  0.127916E+02  0.538879E+00  0.430351E+09 -0.408232E-03
  0.166535E-01  0.291918E+08 -0.376015E-01 -0.430351E+09  0.124207E+00 -0.522534E+06
  0.136078E+01  0.191894E+01  0.201646E+07  0.471248E+02  0.360915E+05 -0.175186E-01
  0.231018E+00 -0.430823E+09  0.853699E+01  0.324570E+11  0.550781E+01  0.771173E+07
  0.430824E+09 -0.213989E+00  0.360672E+05 -0.474062E+02  0.324571E+11 -0.147562E-01
 -0.223532E-03 -0.522534E+06 -0.736356E-03  0.770330E+07 -0.361729E-02  0.935336E+04
 3.7888
  0.291964E+08  0.219378E-01 -0.859900E+01 -0.181213E+00  0.430637E+09  0.578761E-04
  0.524855E-02  0.291963E+08  0.634785E-01 -0.430638E+09  0.584717E-01 -0.522615E+06
 -0.105181E+01 -0.140733E+00  0.201664E+07  0.316796E+02  0.360950E+05 -0.788216E-02
 -0.697144E+00 -0.431111E+09  0.357483E+01  0.324760E+11 -0.676211E+02  0.771690E+07
  0.431113E+09  0.203857E-01  0.360930E+05  0.432305E+02  0.324760E+11 -0.735283E-03
 -0.365719E-03 -0.522617E+06  0.218451E-02  0.770843E+07  0.132561E-03  0.935484E+04
 3.8358
  0.292006E+08 -0.381756E-02  0.254395E+01 -0.101440E+00  0.430900E+09  0.387460E-03
  0.734615E-02  0.292006E+08  0.299244E-01 -0.430900E+09 -0.349243E+00 -0.522690E+06
 -0.672041E+00 -0.141617E+01  0.201685E+07  0.549068E+02  0.361088E+05 -0.118851E-01
  0.218506E-01 -0.431375E+09  0.113198E+02  0.324931E+11  0.518164E+02  0.772160E+07
  0.431375E+09 -0.557434E+00  0.360860E+05  0.404453E+02  0.324930E+11 -0.574112E-02
  0.257000E-03 -0.522691E+06 -0.131398E-03  0.771313E+07 -0.502396E-02  0.935617E+04
 3.8829
  0.292040E+08  0.201750E-02 -0.749927E+01 -0.465942E+00  0.431109E+09  0.379205E-03
 -0.551844E-02  0.292040E+08  0.118738E+00 -0.431109E+09  0.150085E+00 -0.522751E+06
 -0.387396E+00 -0.586616E+00  0.201702E+07  0.156884E+02  0.361013E+05  0.875541E-02
 -0.491760E+00 -0.431584E+09  0.113553E+02  0.325060E+11 -0.259805E+02  0.772537E+07
  0.431585E+09  0.333313E+00  0.366023E+05 -0.621719E+02  0.325060E+11  0.585747E-02
 -0.224739E-03 -0.522752E+06  0.767052E-03  0.771688E+07  0.373268E-02  0.935725E+04
 3.9299
  0.292213E+08  0.328302E-02 -0.850049E+01 -0.227661E-01  0.432354E+09  0.913218E-04
  0.119867E-01  0.292213E+08  0.126238E+00 -0.432354E+09 -0.249908E+00 -0.523061E+06
 -0.561630E+00  0.929245E-01  0.201720E+07  0.150066E+03  0.360999E+05  0.120506E-01
  0.549347E+00 -0.432862E+09  0.133911E+00  0.325990E+11 -0.643945E+01  0.774823E+07
  0.432863E+09 -0.138031E+00  0.359085E+05 -0.114336E+02  0.325990E+11  0.153990E-01
 -0.259452E-03 -0.523060E+06 -0.228345E-03  0.773916E+07  0.342798E-02  0.936280E+04
 3.9770
  0.292152E+08  0.516272E-02 -0.400940E+00 -0.177979E+00  0.431870E+09 -0.198975E-03
  0.231586E-01  0.292153E+08 -0.534439E-01 -0.431871E+09  0.467438E+00 -0.522953E+06
 -0.954510E+00  0.555056E+00  0.201738E+07  0.181429E+02  0.361098E+05  0.201681E-01
  0.385162E+00 -0.432345E+09  0.192914E+02  0.325586E+11 -0.578379E+02  0.773897E+07
  0.432347E+09  0.416992E+00  0.358651E+05 -0.348965E+02  0.325587E+11  0.477982E-02
  0.314154E-03 -0.522953E+06 -0.103992E-02  0.773050E+07 -0.108690E-01  0.936088E+04
 4.0240
  0.292183E+08 -0.175557E-01  0.128632E+01  0.410919E+00  0.432054E+09  0.139527E-03
  0.241756E-02  0.292182E+08 -0.214577E-02 -0.432054E+09  0.696747E+00 -0.523007E+06
 -0.903511E+00  0.618548E+00  0.201755E+07  0.515747E+02  0.361117E+05  0.319286E-02
 -0.284943E+00 -0.432525E+09 -0.176917E+01  0.325697E+11  0.120117E+02  0.774220E+07
  0.432527E+09 -0.532257E+00  0.360954E+05 -0.481328E+02  0.325698E+11 -0.469875E-02
 -0.135772E-03 -0.523006E+06  0.596046E-06  0.773376E+07 -0.416756E-02  0.936181E+04
 4.0711
  0.292216E+08 -0.247908E-02 -0.240363E+01 -0.650848E+00  0.432262E+09  0.328988E-03
  0.766563E-02  0.292217E+08 -0.130615E-01 -0.432264E+09  0.109039E+00 -0.523068E+06
 -0.240444E+00 -0.101071E+01  0.201773E+07  0.452865E+02  0.361062E+05  0.178700E-01
 -0.319916E+00 -0.432736E+09  0.481963E+02  0.325831E+11  0.125781E+01  0.774599E+07
  0.432737E+09  0.119968E+01  0.366201E+05 -0.271875E+02  0.325831E+11  0.509119E-02
 -0.174791E-03 -0.523066E+06  0.227368E-02  0.773751E+07 -0.169067E-01  0.936290E+04
 4.1181
  0.292249E+08  0.970030E-02  0.314941E-01 -0.485840E-01  0.432475E+09 -0.141792E-03
 -0.739717E-02  0.292250E+08  0.111681E+00 -0.432476E+09 -0.230103E+00 -0.523127E+06
  0.375326E+01  0.185277E+01  0.201790E+07  0.153822E+02  0.361547E+05  0.359483E-02
  0.635437E+00 -0.432946E+09 -0.217639E+01  0.325965E+11  0.141328E+02  0.774974E+07
  0.432947E+09  0.957672E+00  0.365301E+05 -0.194805E+02  0.325965E+11  0.434589E-02
  0.182912E-03 -0.523127E+06  0.260782E-02  0.774132E+07  0.149307E-01  0.936397E+04
 4.1652
  0.292282E+08 -0.227499E-02 -0.705566E-01 -0.326233E-01  0.432685E+09 -0.275820E-04
  0.881195E-03  0.292283E+08  0.438137E-01 -0.432688E+09 -0.470764E+00 -0.523187E+06
  0.650253E-01 -0.145461E+01  0.201806E+07  0.618418E+02  0.361365E+05  0.308776E-02
  0.481537E+00 -0.433158E+09  0.119480E+02  0.326100E+11 -0.848242E+01  0.775352E+07
  0.433158E+09 -0.552216E+00  0.363784E+05 -0.361191E+02  0.326101E+11 -0.141144E-03
  0.151150E-03 -0.523186E+06  0.128400E-02  0.774510E+07  0.110340E-02  0.936504E+04
 4.2122
  0.292314E+08 -0.256429E-01  0.102258E+01 -0.511475E-01  0.432891E+09 -0.361420E-03
 -0.783443E-03  0.292314E+08 -0.171316E+00 -0.432891E+09 -0.686432E+00 -0.523243E+06
 -0.658034E+00 -0.730028E+00  0.201821E+07  0.404991E+02  0.361229E+05 -0.592697E-02
  0.557281E+00 -0.433364E+09  0.415271E+01  0.326232E+11  0.584707E+02  0.775721E+07
  0.433365E+09 -0.632843E+00  0.361337E+05 -0.482148E+02  0.326233E+11 -0.502872E-02
 -0.176683E-03 -0.523243E+06 -0.301450E-02  0.774876E+07 -0.105600E-01  0.936607E+04
 4.2593
  0.292345E+08 -0.160699E-01  0.103527E+02 -0.404968E-01  0.433091E+09 -0.143707E-03
 -0.115414E-01  0.292345E+08 -0.210752E+00 -0.433091E+09 -0.135437E+00 -0.523299E+06
  0.134133E+01 -0.156610E+01  0.201833E+07  0.400247E+01  0.361770E+05  0.481955E-02
 -0.167145E+00 -0.433565E+09  0.577612E+01  0.326363E+11  0.327305E+02  0.776081E+07
  0.433565E+09  0.452148E+00  0.355447E+05 -0.551426E+02  0.326363E+11 -0.668478E-02
  0.945181E-04 -0.523299E+06 -0.265622E-02  0.775237E+07  0.109315E-01  0.936706E+04
 4.3063
  0.292376E+08 -0.706196E-02 -0.438568E+01  0.176239E+00  0.433286E+09  0.293225E-03
 -0.166273E-01  0.292375E+08  0.271721E-01 -0.433287E+09  0.209686E+00 -0.523353E+06
 -0.715745E+00  0.135223E+01  0.201846E+07  0.180299E+02  0.361303E+05  0.126464E-01
  0.793304E+00 -0.433761E+09  0.181801E+02  0.326491E+11  0.115391E+02  0.776433E+07
  0.433762E+09 -0.174011E+00  0.361466E+05  0.139297E+02  0.326490E+11 -0.616741E-02
 -0.646338E-04 -0.523353E+06  0.395590E-02  0.775583E+07 -0.243006E-01  0.936800E+04
 4.3533
  0.292403E+08 -0.213242E-02 -0.111615E+01 -0.403748E-01  0.433470E+09 -0.346467E-03
 -0.736284E-02  0.292403E+08 -0.854168E-01 -0.433471E+09 -0.471558E+00 -0.523404E+06
  0.242337E+01 -0.682729E+00  0.201851E+07  0.485720E+02  0.361701E+05  0.989792E-02
  0.689667E+00 -0.433946E+09 -0.708411E+01  0.326610E+11 -0.100898E+02  0.776763E+07
  0.433947E+09  0.166199E+00  0.362284E+05 -0.424414E+01  0.326610E+11  0.107355E-01
 -0.246331E-03 -0.523404E+06  0.109267E-02  0.775915E+07 -0.554085E-02  0.936891E+04
 4.4004
  0.292430E+08 -0.196695E-02 -0.555298E+00  0.438599E+00  0.433639E+09  0.515379E-03
 -0.847912E-02  0.292430E+08 -0.148455E+00 -0.433641E+09  0.165588E+00 -0.523450E+06
  0.223328E+01  0.406032E+00  0.201859E+07  0.481733E+01  0.361684E+05 -0.889804E-04
  0.449371E+00 -0.434117E+09  0.244537E+02  0.326721E+11 -0.321699E+02  0.777071E+07
  0.434119E+09 -0.524475E+00  0.362441E+05  0.258535E+02  0.326722E+11 -0.435448E-02
 -0.879019E-04 -0.523450E+06  0.311118E-02  0.776218E+07 -0.774193E-02  0.936975E+04
 4.4474
  0.292452E+08 -0.751114E-02  0.728241E+01 -0.904236E-01  0.433778E+09  0.528619E-04
  0.451946E-02  0.292452E+08 -0.823517E-01 -0.433777E+09 -0.122589E+00 -0.523490E+06
  0.359844E+01  0.213574E+00  0.201868E+07  0.378457E+02  0.361392E+05 -0.239635E-01
 -0.256714E+00 -0.434261E+09 -0.992468E+01  0.326809E+11 -0.199688E+02  0.777329E+07
  0.434262E+09 -0.849243E+00  0.361156E+05 -0.313398E+02  0.326809E+11  0.108070E-01
  0.233606E-03 -0.523490E+06  0.188786E-02  0.776464E+07 -0.404739E-02  0.937045E+04
 4.4945
  0.292622E+08  0.174820E-02  0.137086E+02  0.172791E+00  0.435014E+09  0.783801E-04
  0.175663E-01  0.292622E+08  0.123329E-01 -0.435012E+09  0.325333E+00 -0.523793E+06
  0.624008E-01  0.126928E+00  0.201879E+07  0.507437E+02  0.361331E+05  0.169940E-01
 -0.653992E+00 -0.435552E+09  0.103051E+02  0.327749E+11  0.541338E+02  0.779638E+07
  0.435552E+09 -0.260086E+00  0.363022E+05  0.488086E+01  0.327748E+11 -0.269600E-01
 -0.305597E-03 -0.523793E+06  0.233644E-02  0.778675E+07  0.267489E-01  0.937589E+04
 4.5415
  0.292532E+08 -0.169287E-01  0.953833E+01  0.549194E+00  0.434345E+09  0.216760E-03
 -0.945783E-02  0.292532E+08 -0.712223E-01 -0.434345E+09 -0.374390E+00 -0.523632E+06
  0.817155E+00 -0.411394E-01  0.201888E+07  0.590017E+02  0.361915E+05 -0.127229E-01
 -0.559082E-01 -0.434828E+09 -0.710339E+01  0.327215E+11  0.357812E+01  0.778345E+07
  0.434830E+09  0.189453E+00  0.360158E+05  0.146074E+02  0.327214E+11 -0.308704E-02
  0.718012E-04 -0.523632E+06  0.314713E-03  0.777479E+07  0.109901E-01  0.937301E+04
 4.5886
  0.292547E+08 -0.173595E-01  0.143951E+02  0.222534E+00  0.434438E+09  0.284038E-03
  0.188606E-01  0.292547E+08 -0.878620E-01 -0.434439E+09 -0.111542E+00 -0.523660E+06
 -0.373661E+00 -0.325388E+00  0.201898E+07 -0.259792E+02  0.360880E+05  0.837891E-02
  0.752014E+00 -0.434920E+09  0.877380E+01  0.327269E+11  0.275781E+02  0.778507E+07
  0.434921E+09 -0.408356E+00  0.360470E+05 -0.532051E+02  0.327269E+11 -0.982475E-02
  0.564009E-04 -0.523660E+06  0.192291E-02  0.777646E+07 -0.481844E-02  0.937351E+04
 4.6356
  0.292566E+08  0.209796E-01  0.322485E+01 -0.371399E+00  0.434565E+09 -0.193894E-03
 -0.103691E-01  0.292565E+08 -0.419617E-03 -0.434565E+09 -0.146179E-01 -0.523693E+06
  0.542102E+01  0.779351E+00  0.201908E+07 -0.127420E+02  0.361964E+05  0.160870E-01
  0.170349E+00 -0.435046E+09  0.145577E+02  0.327354E+11 -0.133789E+02  0.778734E+07
  0.435048E+09 -0.208923E+00  0.361024E+05 -0.511602E+02  0.327353E+11 -0.837755E-02
  0.125453E-03 -0.523693E+06  0.989318E-03  0.777874E+07  0.284815E-02  0.937407E+04
 4.6827
  0.292586E+08  0.136461E-01 -0.952698E+00 -0.193146E+00  0.434701E+09  0.297487E-03
 -0.197363E-01  0.292586E+08 -0.118032E+00 -0.434700E+09 -0.820923E+00 -0.523729E+06
 -0.134278E+01  0.365195E+00  0.201916E+07 -0.419128E+02  0.362300E+05  0.190396E-01
 -0.524261E+00 -0.435183E+09 -0.115247E+01  0.327443E+11  0.621387E+02  0.778978E+07
  0.435183E+09 -0.230194E+00  0.360515E+05 -0.269941E+02  0.327444E+11  0.106287E-01
 -0.217289E-03 -0.523729E+06 -0.207114E-02  0.778118E+07 -0.111675E-01  0.937477E+04
 4.7297
  0.292607E+08  0.123181E-01  0.296753E+00 -0.300751E+00  0.434837E+09  0.442728E-03
  0.163388E-02  0.292606E+08  0.634727E-01 -0.434837E+09 -0.392456E+00 -0.523767E+06
  0.402464E+00  0.314451E+00  0.201926E+07 -0.215454E+02  0.362053E+05 -0.730034E-02
  0.658875E+00 -0.435319E+09 -0.239868E+00  0.327534E+11  0.175781E+02  0.779221E+07
  0.435320E+09 -0.184967E+00  0.361312E+05 -0.921094E+01  0.327534E+11 -0.101042E-01
 -0.177301E-03 -0.523766E+06  0.574350E-03  0.778361E+07 -0.134826E-01  0.937542E+04
 4.7768
  0.292627E+08  0.213969E-01 -0.840649E+01 -0.222351E+00  0.434971E+09 -0.122719E-03
 -0.935698E-02  0.292625E+08  0.361996E-01 -0.434970E+09  0.187531E+00 -0.523801E+06
  0.111857E+01  0.170833E+00  0.201934E+07 -0.816296E+01  0.362020E+05 -0.972989E-02
 -0.922150E+00 -0.435451E+09 -0.572461E+01  0.327624E+11  0.185977E+02  0.779458E+07
  0.435453E+09 -0.426147E+00  0.365801E+05 -0.839844E+00  0.327624E+11  0.104475E-02
  0.298694E-04 -0.523802E+06  0.133878E-02  0.778600E+07 -0.736237E-02  0.937605E+04
 4.8238
  0.292646E+08 -0.155876E-01 -0.641119E+01  0.320068E+00  0.435103E+09  0.141978E-03
  0.718379E-02  0.292646E+08 -0.322781E-01 -0.435103E+09 -0.538940E+00 -0.523838E+06
  0.102036E+01  0.107981E+01  0.201942E+07 -0.157493E+02  0.361529E+05  0.128265E-01
  0.861359E+00 -0.435584E+09  0.115350E+02  0.327713E+11  0.325527E+02  0.779695E+07
  0.435585E+09 -0.539490E+00  0.362649E+05  0.506055E+02  0.327713E+11 -0.214410E-01
  0.461087E-03 -0.523837E+06  0.707209E-03  0.778836E+07 -0.136242E-01  0.937668E+04
 4.8709
  0.292664E+08 -0.240254E-02  0.282581E+01 -0.134583E+00  0.435226E+09 -0.132300E-03
 -0.138352E-01  0.292663E+08  0.946255E-01 -0.435225E+09  0.135895E+00 -0.523869E+06
  0.268739E+01 -0.291591E-01  0.201949E+07 -0.617540E+02  0.361753E+05  0.612005E-02
 -0.775055E+00 -0.435709E+09  0.573914E+01  0.327796E+11  0.523750E+02  0.779920E+07
  0.435709E+09  0.107663E+01  0.360180E+05  0.752344E+01  0.327796E+11 -0.247955E-02
 -0.875071E-04 -0.523868E+06  0.429213E-03  0.779056E+07 -0.109215E-01  0.937724E+04
 4.9179
  0.292681E+08 -0.148826E-01  0.361572E+00  0.136932E+00  0.435339E+09 -0.211067E-03
  0.157032E-01  0.292681E+08  0.431652E-01 -0.435338E+09 -0.372650E+00 -0.523900E+06
  0.125309E+01  0.919417E+00  0.201957E+07 -0.548632E+02  0.361904E+05 -0.693921E-02
  0.502106E+00 -0.435822E+09 -0.496155E+01  0.327871E+11  0.406719E+02  0.780122E+07
  0.435823E+09  0.152985E+00  0.361260E+05  0.443867E+02  0.327871E+11  0.636864E-02
  0.369199E-03 -0.523899E+06  0.184673E-02  0.779258E+07 -0.191255E-01  0.937780E+04
 4.9650
  0.292704E+08 -0.183973E-01 -0.546649E+01  0.263763E+00  0.435490E+09 -0.702068E-04
 -0.154018E-02  0.292704E+08 -0.115017E+00 -0.435492E+09  0.345520E+00 -0.523941E+06
  0.142375E+01  0.220563E-01  0.201964E+07  0.327287E+02  0.361914E+05  0.884335E-03
  0.614349E+00 -0.435986E+09  0.157961E+02  0.327977E+11 -0.123516E+02  0.780418E+07
  0.435988E+09 -0.887665E+00  0.361842E+05  0.204883E+01  0.327977E+11 -0.827456E-02
  0.751019E-05 -0.523940E+06 -0.101674E-02  0.779532E+07  0.138836E-01  0.937855E+04
 5.0120
  0.292770E+08 -0.108731E-02  0.725421E+01 -0.364784E+00  0.435980E+09 -0.698809E-04
  0.785398E-02  0.292769E+08 -0.873241E-01 -0.435980E+09 -0.292885E+00 -0.524058E+06
 -0.745895E+00  0.506649E+00  0.201973E+07 -0.131394E+02  0.361548E+05  0.134730E-01
 -0.473022E-03 -0.436475E+09  0.176990E+01  0.328345E+11  0.431455E+02  0.781291E+07
  0.436475E+09  0.695793E+00  0.361052E+05  0.338540E+02  0.328344E+11 -0.154966E-01
  0.193089E-03 -0.524057E+06 -0.129855E-02  0.780407E+07 -0.520194E-02  0.938064E+04
 5.0591
  0.292753E+08  0.116794E-01  0.217145E+01 -0.694946E+00  0.435851E+09  0.716045E-03
 -0.181468E-01  0.292753E+08  0.166565E+00 -0.435853E+09 -0.167648E+00 -0.524029E+06
 -0.615044E+00 -0.921280E+00  0.201981E+07 -0.106116E+02  0.361536E+05 -0.236417E-01
  0.361893E+00 -0.436334E+09 -0.150488E+01  0.328235E+11 -0.297305E+02  0.781038E+07
  0.436334E+09 -0.973816E-01  0.359792E+05  0.381719E+02  0.328235E+11  0.303407E-01
  0.144020E-03 -0.524028E+06  0.219607E-02  0.780176E+07  0.440955E-02  0.938011E+04
 5.1061
  0.292765E+08 -0.127268E-02 -0.567041E+01  0.581558E+00  0.435918E+09 -0.162564E-03
  0.898957E-02  0.292763E+08 -0.278091E-01 -0.435918E+09 -0.513153E+00 -0.524047E+06
  0.341930E+01 -0.267985E+00  0.201986E+07 -0.773164E+02  0.361943E+05 -0.161625E-01
  0.343323E+00 -0.436399E+09  0.133365E+02  0.328276E+11  0.885811E+02  0.781156E+07
  0.436400E+09  0.376892E-01  0.362009E+05 -0.725000E+01  0.328276E+11  0.221667E-01
 -0.231013E-03 -0.524047E+06  0.823736E-04  0.780295E+07 -0.981092E-03  0.938044E+04
 5.1531
  0.292777E+08  0.720549E-02 -0.898846E+01  0.426910E+00  0.436005E+09  0.231307E-03
  0.888824E-03  0.292777E+08 -0.773220E-01 -0.436005E+09 -0.221237E+00 -0.524070E+06
  0.909672E+00 -0.112463E+01  0.201993E+07 -0.310074E+02  0.362059E+05  0.119484E-01
  0.525253E+00 -0.436485E+09 -0.978003E+01  0.328334E+11  0.131523E+02  0.781309E+07
  0.436485E+09  0.666138E+00  0.362707E+05  0.353027E+01  0.328333E+11  0.309978E-01
  0.141747E-04 -0.524070E+06 -0.166559E-02  0.780450E+07 -0.672007E-02  0.938084E+04
 5.2002
  0.292790E+08  0.672269E-02 -0.423364E+01  0.100616E+00  0.436097E+09  0.373464E-03
 -0.564790E-02  0.292790E+08  0.445023E-01 -0.436097E+09  0.327988E+00 -0.524095E+06
  0.500989E+00  0.266517E+00  0.201998E+07 -0.376843E+02  0.362090E+05  0.717645E-02
 -0.753952E+00 -0.436576E+09  0.436951E+01  0.328396E+11 -0.429482E+02  0.781473E+07
  0.436577E+09 -0.863922E+00  0.361780E+05  0.541006E+02  0.328396E+11  0.124538E-01
 -0.381563E-03 -0.524095E+06  0.153124E-02  0.780616E+07  0.542235E-02  0.938129E+04
 5.2472
  0.292804E+08 -0.126314E-01  0.156531E+01  0.267075E+00  0.436192E+09 -0.140868E-03
 -0.105171E-01  0.292804E+08  0.101660E+00 -0.436192E+09 -0.798462E+00 -0.524119E+06
  0.122122E+01 -0.144523E+01  0.202004E+07  0.623961E+02  0.361973E+05  0.873967E-02
  0.382278E+00 -0.436670E+09  0.135713E+02  0.328460E+11  0.467617E+02  0.781639E+07
  0.436670E+09 -0.561829E+00  0.362256E+05 -0.311807E+02  0.328459E+11  0.342736E-01
 -0.607334E-04 -0.524119E+06 -0.435555E-02  0.780785E+07  0.133598E-01  0.938174E+04
 5.2943
  0.292818E+08  0.225947E-01 -0.766296E+00 -0.219696E+00  0.436284E+09 -0.402693E-03
  0.677586E-03  0.292818E+08  0.323296E-01 -0.436285E+09 -0.606079E+00 -0.524144E+06
  0.123011E+01 -0.808454E+00  0.202011E+07 -0.187742E+02  0.361902E+05  0.499465E-02
 -0.939926E+00 -0.436762E+09  0.178983E+02  0.328522E+11 -0.539062E+01  0.781805E+07
  0.436763E+09  0.646332E+00  0.362492E+05 -0.613916E+02  0.328522E+11  0.785112E-02
  0.286128E-03 -0.524143E+06 -0.206220E-02  0.780951E+07 -0.689459E-02  0.938217E+04
 5.3413
  0.292830E+08 -0.126195E-02 -0.695398E+01 -0.383026E+00  0.436370E+09 -0.239622E-03
 -0.953031E-02  0.292830E+08 -0.142937E-01 -0.436370E+09 -0.191864E+00 -0.524166E+06
  0.314482E+01  0.248837E+01  0.202017E+07  0.835187E+02  0.362193E+05  0.779448E-02
 -0.476639E+00 -0.436850E+09 -0.562573E+01  0.328581E+11  0.396279E+02  0.781963E+07
  0.436850E+09 -0.583542E+00  0.363502E+05 -0.184668E+01  0.328581E+11  0.858498E-02
 -0.341989E-03 -0.524165E+06 -0.761509E-03  0.781105E+07 -0.480533E-02  0.938257E+04
 5.3884
  0.292843E+08 -0.114563E-01  0.986572E+00  0.103989E+00  0.436456E+09  0.134215E-03
  0.555658E-02  0.292842E+08  0.101437E+00 -0.436456E+09  0.193604E+00 -0.524188E+06
  0.184752E+01  0.494735E+00  0.202023E+07 -0.170456E+02  0.362106E+05 -0.197944E-01
  0.676987E+00 -0.436935E+09 -0.204943E+02  0.328639E+11 -0.562129E+02  0.782115E+07
  0.436936E+09 -0.408188E+00  0.361495E+05  0.200312E+02  0.328639E+11  0.813937E-02
 -0.107557E-03 -0.524188E+06 -0.931442E-03  0.781258E+07  0.459433E-02  0.938297E+04
 5.4354
  0.292925E+08 -0.148296E-01  0.263422E+01 -0.121872E+00  0.437035E+09 -0.846274E-04
 -0.131943E-01  0.292925E+08 -0.864334E-01 -0.437035E+09  0.238861E+00 -0.524335E+06
 -0.666223E+00  0.542888E+00  0.202030E+07 -0.309057E+01  0.361592E+05  0.126781E-01
  0.198090E+00 -0.437559E+09 -0.186279E+01  0.329079E+11 -0.128105E+02  0.783231E+07
  0.437559E+09 -0.282257E+00  0.361214E+05 -0.205215E+02  0.329079E+11 -0.347035E-01
  0.213575E-03 -0.524335E+06  0.307071E-02  0.782294E+07 -0.773692E-02  0.938560E+04
 5.4825
  0.292900E+08  0.259817E-01  0.289496E+01  0.119038E+00  0.436877E+09  0.226572E-03
 -0.821418E-02  0.292900E+08  0.123775E+00 -0.436877E+09  0.291397E+00 -0.524292E+06
 -0.858942E+00  0.637528E+00  0.202035E+07  0.197488E+01  0.361581E+05 -0.182405E-01
  0.202919E+00 -0.437361E+09  0.532935E+01  0.328949E+11  0.757732E+02  0.782876E+07
  0.437361E+09 -0.190235E+00  0.360565E+05 -0.933472E+01  0.328949E+11 -0.530392E-02
 -0.434018E-03 -0.524292E+06 -0.474095E-03  0.782012E+07  0.269332E-01  0.938483E+04
 5.5295
  0.292897E+08 -0.826335E-02 -0.539685E+01 -0.157578E+00  0.436843E+09 -0.696654E-03
  0.153732E-02  0.292897E+08  0.313568E-02 -0.436843E+09 -0.387939E+00 -0.524286E+06
 -0.681023E+00 -0.501652E+00  0.202041E+07 -0.643364E+02  0.361562E+05  0.111877E-02
  0.361839E+00 -0.437321E+09  0.397791E+01  0.328916E+11  0.746436E+01  0.782805E+07
  0.437320E+09  0.205589E+00  0.360239E+05  0.162354E+02  0.328915E+11 -0.133057E-01
  0.110213E-03 -0.524286E+06 -0.439942E-03  0.781951E+07 -0.223666E-01  0.938472E+04
 5.5766
  0.292904E+08  0.120556E-01  0.203571E+01  0.672295E+00  0.436889E+09 -0.576790E-03
  0.218806E-01  0.292903E+08  0.621090E-01 -0.436889E+09  0.579094E+00 -0.524298E+06
 -0.889578E+00  0.207484E+01  0.202046E+07  0.151441E+02  0.361617E+05  0.123367E-01
 -0.573311E+00 -0.437364E+09 -0.975830E+01  0.328945E+11  0.318164E+01  0.782883E+07
  0.437366E+09  0.233803E+00  0.362563E+05  0.251982E+02  0.328944E+11  0.614953E-02
 -0.166370E-03 -0.524297E+06  0.169343E-02  0.782034E+07 -0.156224E-02  0.938493E+04
 5.6236
  0.292913E+08  0.524640E-02  0.718689E+00 -0.132805E+00  0.436952E+09 -0.683742E-03
 -0.142932E-03  0.292914E+08  0.111137E+00 -0.436952E+09 -0.346375E-01 -0.524315E+06
 -0.705734E+00 -0.906488E+00  0.202052E+07 -0.131223E+01  0.361620E+05 -0.856300E-03
 -0.749130E-01 -0.437427E+09 -0.138201E+02  0.328987E+11 -0.241143E+02  0.782995E+07
  0.437427E+09  0.766754E-01  0.361563E+05  0.368906E+02  0.328985E+11  0.868165E-02
 -0.218991E-04 -0.524314E+06  0.227094E-02  0.782146E+07  0.458527E-02  0.938522E+04
 5.6707
  0.292924E+08  0.152531E-01 -0.647949E+00  0.435631E+00  0.437019E+09 -0.960659E-04
  0.381982E-02  0.292923E+08 -0.537510E-01 -0.437020E+09 -0.168640E+00 -0.524332E+06
 -0.740356E+00 -0.210527E+01  0.202055E+07  0.245235E+02  0.361601E+05 -0.129094E-01
 -0.261009E+00 -0.437493E+09 -0.632507E+01  0.329031E+11  0.135029E+02  0.783114E+07
  0.437494E+09 -0.314011E+00  0.364319E+05 -0.384131E+02  0.329031E+11  0.312209E-02
  0.137061E-03 -0.524332E+06 -0.266612E-03  0.782268E+07  0.185776E-02  0.938556E+04
 5.7177
  0.292933E+08  0.226268E-01  0.103937E+01 -0.242966E+00  0.437086E+09  0.555571E-04
  0.271201E-02  0.292933E+08 -0.151600E+00 -0.437086E+09 -0.356148E+00 -0.524349E+06
 -0.796043E+00 -0.444135E+00  0.202062E+07  0.452556E+01  0.361619E+05  0.342701E-02
  0.302917E+00 -0.437557E+09 -0.100769E+02  0.329077E+11  0.102158E+02  0.783232E+07
  0.437559E+09  0.805862E+00  0.362172E+05 -0.410254E+01  0.329076E+11 -0.716591E-02
 -0.366941E-05 -0.524349E+06 -0.427365E-04  0.782385E+07 -0.152204E-01  0.938588E+04
 5.7648
  0.292943E+08  0.105587E-01 -0.429041E+01 -0.161743E-02  0.437151E+09 -0.310460E-03
 -0.343132E-02  0.292942E+08 -0.173159E+00 -0.437153E+09  0.326767E+00 -0.524366E+06
  0.187496E+01 -0.221519E+01  0.202064E+07 -0.612950E+02  0.362429E+05 -0.812711E-02
 -0.582901E+00 -0.437625E+09 -0.187676E+02  0.329122E+11 -0.145146E+02  0.783349E+07
  0.437625E+09  0.494576E+00  0.362682E+05 -0.585000E+02  0.329121E+11 -0.555825E-02
  0.281278E-04 -0.524366E+06  0.323653E-03  0.782503E+07 -0.925851E-02  0.938617E+04
 5.8118
  0.292954E+08  0.698864E-02  0.341260E+01 -0.653214E+00  0.437227E+09 -0.125676E-03
 -0.572562E-02  0.292954E+08  0.195621E+00 -0.437228E+09 -0.575302E+00 -0.524387E+06
  0.131586E+01  0.183986E+00  0.202069E+07  0.138650E+02  0.362232E+05  0.358851E-02
 -0.248779E+00 -0.437704E+09  0.185815E+02  0.329174E+11 -0.248613E+02  0.783490E+07
  0.437704E+09  0.511627E+00  0.360462E+05 -0.204551E+02  0.329174E+11 -0.105209E-01
 -0.175204E-03 -0.524387E+06 -0.131845E-03  0.782641E+07  0.139508E-01  0.938655E+04
 5.8589
  0.293036E+08 -0.561059E-02 -0.231848E+01  0.586319E+00  0.437829E+09  0.166470E-03
  0.106204E-01  0.293037E+08  0.120449E-01 -0.437830E+09  0.205780E+00 -0.524536E+06
 -0.637249E+00 -0.481630E+00  0.202075E+07  0.500795E+01  0.361661E+05  0.306679E-02
 -0.463253E+00 -0.438339E+09 -0.133549E+02  0.329636E+11 -0.111045E+02  0.784627E+07
  0.438339E+09  0.125851E+00  0.360977E+05 -0.126355E+02  0.329635E+11 -0.121115E-01
  0.107381E-05 -0.524535E+06  0.252783E-03  0.783718E+07  0.327909E-02  0.938919E+04
 5.9059
  0.293000E+08 -0.227640E-01  0.441455E+01  0.302900E+00  0.437565E+09  0.354974E-03
 -0.132025E-01  0.292999E+08  0.247612E-01 -0.437565E+09 -0.466039E+00 -0.524468E+06
 -0.516415E+00 -0.123295E+01  0.202080E+07 -0.259068E+02  0.361654E+05  0.565476E-02
 -0.432526E+00 -0.438040E+09 -0.130911E+02  0.329424E+11  0.116650E+02  0.784094E+07
  0.438041E+09  0.204388E+00  0.362161E+05  0.406089E+02  0.329423E+11 -0.727266E-02
 -0.192843E-03 -0.524468E+06  0.303173E-02  0.783242E+07  0.656312E-02  0.938801E+04
 5.9530
  0.292994E+08 -0.891253E-02  0.742664E+01  0.166489E+00  0.437525E+09 -0.175433E-04
 -0.607553E-02  0.292995E+08  0.139135E+00 -0.437526E+09  0.876080E+00 -0.524460E+06
 -0.656214E+00 -0.518271E+00  0.202084E+07 -0.221791E+02  0.361662E+05 -0.545326E-02
 -0.381634E+00 -0.437996E+09 -0.214502E+01  0.329387E+11  0.319082E+02  0.784014E+07
  0.437997E+09  0.169781E+00  0.360734E+05 -0.256738E+02  0.329387E+11  0.287632E-01
 -0.136425E-03 -0.524460E+06  0.272512E-02  0.783173E+07  0.233076E-01  0.938786E+04
 6.0000
  0.292999E+08  0.430405E-03 -0.405005E+01  0.153568E+00  0.437556E+09  0.165972E-03
  0.168872E-02  0.292999E+08  0.150810E+00 -0.437558E+09  0.391682E+00 -0.524470E+06
 -0.676519E+00  0.249905E+00  0.202089E+07 -0.323218E+02  0.361711E+05  0.215842E-01
  0.214024E+00 -0.438026E+09  0.185067E+02  0.329406E+11  0.334294E+02  0.784066E+07
  0.438026E+09 -0.448299E+00  0.358609E+05 -0.855486E+02  0.329405E+11  0.101769E-02
 -0.110963E-03 -0.524469E+06 -0.461310E-02  0.783229E+07  0.493586E-02  0.938802E+04
