         500           1          12          12           0
 --- Force ---
           1           1           1
           2           1           2
           3           1           3
           4           1           4
           5           1           5
           6           1           6
           7           2           1
           8           2           2
           9           2           3
          10           2           4
          11           2           5
          12           2           6
 --- Motion ---
           1           1           1
           2           1           2
           3           1           3
           4           1           4
           5           1           5
           6           1           6
           7           2           1
           8           2           2
           9           2           3
          10           2           4
          11           2           5
          12           2           6
   0.00000000    
   2.99999993E-02   6.00000024E-02   9.00000036E-02  0.119999997      0.150000006      0.179999992      0.209999993      0.240000010      0.270000011      0.299999982      0.329999983      0.359999985      0.389999986      0.420000017      0.450000018      0.480000019      0.509999990      0.539999962      0.569999933      0.599999964      0.629999936      0.659999967      0.689999938      0.719999969      0.749999940      0.779999971      0.810000002      0.839999974      0.870000005      0.899999976      0.930000007      0.959999979      0.990000010       1.01999998       1.04999995       1.08000004       1.10999990       1.13999999       1.16999996       1.20000005       1.22999990       1.25999999       1.28999996       1.32000005       1.34999990       1.38000000       1.40999997       1.44000006       1.46999991       1.50000000       1.52999997       1.56000006       1.59000003       1.62000000       1.64999998       1.68000007       1.71000004       1.74000001       1.76999998       1.80000007       1.83000004       1.86000001       1.88999999       1.92000008       1.95000005       1.97999990       2.00999999       2.03999996       2.06999993       2.10000014       2.13000011       2.15999985       2.18999982       2.22000003       2.25000000       2.27999997       2.30999994       2.34000015       2.37000012       2.40000010       2.42999983       2.46000004       2.49000001       2.51999998       2.54999995       2.58000016       2.61000013       2.64000010       2.66999984       2.70000005       2.73000002       2.75999999       2.78999996       2.82000017       2.85000014       2.88000011       2.90999985       2.93999982       2.97000003       3.00000000       3.02999997       3.05999994       3.09000015       3.12000012       3.15000010       3.17999983       3.21000004       3.24000001       3.26999998       3.29999995       3.33000016       3.36000013       3.39000010       3.41999984       3.45000005       3.48000002       3.50999999       3.53999996       3.57000017       3.60000014       3.63000011       3.65999985       3.69000006       3.72000003       3.75000000       3.77999997       3.81000018       3.84000015       3.87000012       3.90000010       3.92999983       3.96000004       3.99000001       4.01999998       4.05000019       4.08000040       4.11000013       4.14000034       4.17000055       4.20000029       4.23000050       4.26000023       4.28999996       4.32000017       4.34999990       4.38000059       4.41000032       4.44000053       4.47000027       4.50000048       4.53000021       4.55999994       4.59000015       4.62000036       4.65000057       4.68000031       4.71000051       4.74000025       4.77000046       4.80000019       4.82999992       4.86000013       4.89000034       4.92000055       4.95000029       4.98000050       5.01000023       5.03999996       5.07000017       5.09999990       5.13000059       5.16000032       5.19000053       5.22000027       5.25000048       5.28000021       5.30999994       5.34000015       5.37000036       5.40000057       5.43000031       5.46000051       5.49000025       5.52000046       5.55000019       5.57999992       5.61000061       5.64000034       5.67000055       5.70000029       5.73000050       5.76000023       5.78999996       5.82000017       5.84999990       5.88000059       5.91000032       5.94000053       5.97000027       6.00000048       6.03000021       6.05999994       6.09000015       6.12000036       6.15000057       6.18000031       6.21000051       6.24000025       6.27000046       6.30000019       6.32999992       6.36000061       6.39000034       6.42000055       6.45000029       6.48000050       6.51000023       6.53999996       6.57000017       6.60000038       6.63000059       6.66000032       6.69000053       6.72000027       6.75000048       6.78000021       6.80999994       6.84000015       6.87000036       6.90000057       6.93000031       6.96000051       6.99000025       7.02000046       7.05000019       7.07999992       7.11000061       7.14000034       7.17000055       7.20000029       7.23000050       7.26000023       7.28999996       7.32000017       7.35000038       7.38000059       7.41000032       7.44000053       7.47000027       7.50000048       7.53000021       7.55999994       7.59000063       7.62000036       7.65000057       7.68000031       7.71000051       7.74000025       7.77000046       7.80000019       7.82999992       7.86000061       7.89000034       7.92000055       7.95000029       7.98000050       8.01000023       8.03999996       8.06999969       8.10000038       8.13000011       8.15999985       8.18999958       8.22000027       8.25000000       8.27999973       8.31000042       8.33999920       8.36999989       8.39999962       8.43000031       8.46000004       8.48999977       8.52000046       8.54999924       8.57999992       8.60999966       8.64000034       8.66999912       8.69999981       8.73000050       8.76000023       8.78999996       8.81999969       8.85000038       8.87999916       8.90999985       8.93999958       8.97000027       9.00000000       9.02999973       9.06000042       9.08999920       9.11999989       9.14999962       9.18000031       9.21000004       9.23999977       9.27000046       9.29999924       9.32999992       9.35999966       9.39000034       9.41999912       9.44999981       9.48000050       9.51000023       9.53999996       9.56999969       9.60000038       9.62999916       9.65999985       9.68999958       9.72000027       9.75000000       9.77999973       9.81000042       9.83999920       9.86999989       9.89999962       9.93000031       9.96000004       9.98999977       10.0200005       10.0499992       10.0799999       10.1099997       10.1400003       10.1699991       10.1999998       10.2300005       10.2600002       10.2900000       10.3199997       10.3500004       10.3799992       10.4099998       10.4400005       10.4700003       10.5000000       10.5299997       10.5600004       10.5899992       10.6199999       10.6499996       10.6800003       10.7100000       10.7399998       10.7700005       10.7999992       10.8299999       10.8599997       10.8900003       10.9199991       10.9499998       10.9800005       11.0100002       11.0400000       11.0699997       11.1000004       11.1299992       11.1599998       11.1900005       11.2200003       11.2500000       11.2799997       11.3100004       11.3399992       11.3699999       11.3999996       11.4300003       11.4600000       11.4899998       11.5200005       11.5499992       11.5799999       11.6099997       11.6400003       11.6699991       11.6999998       11.7300005       11.7600002       11.7900000       11.8199997       11.8500004       11.8799992       11.9099998       11.9400005       11.9700003       12.0000000       12.0299997       12.0600004       12.0899992       12.1199999       12.1499996       12.1800003       12.2100000       12.2399998       12.2700005       12.2999992       12.3299999       12.3599997       12.3900003       12.4200001       12.4499998       12.4800005       12.5100002       12.5400000       12.5699997       12.6000004       12.6299992       12.6599998       12.6900005       12.7200003       12.7500000       12.7799997       12.8100004       12.8399992       12.8699999       12.8999996       12.9300003       12.9600000       12.9899998       13.0200005       13.0499992       13.0799999       13.1099997       13.1400003       13.1700001       13.1999998       13.2300005       13.2600002       13.2900000       13.3199997       13.3500004       13.3799992       13.4099998       13.4400005       13.4700003       13.5000000       13.5299997       13.5600004       13.5899992       13.6199999       13.6499996       13.6800003       13.7100000       13.7399998       13.7700005       13.7999992       13.8299999       13.8599997       13.8900003       13.9200001       13.9499998       13.9800005       14.0100002       14.0400000       14.0699997       14.1000004       14.1299992       14.1599998       14.1900005       14.2200003       14.2500000       14.2799997       14.3100004       14.3399992       14.3699999       14.4000006       14.4300003       14.4600000       14.4899998       14.5200005       14.5499992       14.5799999       14.6099997       14.6400003       14.6700001       14.6999998       14.7300005       14.7600002       14.7900000       14.8199997       14.8500004       14.8799992       14.9099998       14.9400005       14.9700003       15.0000000    

