VARIABLES="Frequency (rad/s)" "|Fx| (N/m)" "|Fy| (N/m)" "|Fz| (N/m)" "|Cx| (N)" "|Cy| (N)" "|Cz| (N)" "ang(Fx) (°)" "ang(Fy) (°)" "ang(Fz) (°)" "ang(Cx) (°)" "ang(Cy) (°)" "ang(Cz) (°)"
Zone t="Corps  1"
Zone t="Excitation force - beta =   0.000 deg",I=   260,F=POINT
 0.0200  0.375513E+03  0.404146E+00  0.280015E+07  0.260131E+00  0.393318E+04  0.722763E-04  697.02    1.01 *******    0.36 3459.33    0.00
  -90.00 -180.00   -0.00   -0.00  -90.01   -0.09
  -90.01   -0.00   -0.00   -0.02  -89.97  -90.00
 0.0400  0.150176E+04  0.183144E+00  0.279767E+07  0.169160E+00  0.157237E+05  0.787330E-04 2782.82    0.62 *******   32.02 *******    0.00
  -90.00 -180.00   -0.00  179.96  -90.00 -178.12
  -90.00 -180.00   -0.00   -0.00  -90.00  -90.00
 0.0600  0.337783E+04  0.386443E+00  0.279349E+07  0.487087E-01  0.353457E+05  0.760766E-04 6241.75    0.67 *******    5.35 *******    0.00
  -90.00   -0.01   -0.00   -0.29  -90.00  178.38
  -90.00 -179.99   -0.00 -179.99  -90.01  -90.00
 0.0800  0.600228E+04  0.518368E-01  0.278762E+07  0.867587E+01  0.627500E+05  0.807107E-04 *******    0.06 *******   60.19 *******    0.00
  -90.00 -179.94   -0.00   -0.00  -90.00   -2.37
  -90.00   -0.25   -0.00    0.00  -90.01  -90.00
 0.1000  0.937314E+04  0.118153E-02  0.277999E+07  0.683568E+01  0.978785E+05  0.146483E-03 *******    0.46 *******   20.00 *******    0.00
  -90.00    6.50   -0.00   -0.01  -90.00   -1.78
  -90.00  179.94   -0.00   -0.01  -90.01   90.00
 0.1200  0.134875E+05  0.388302E-01  0.277057E+07  0.391230E+01  0.140653E+06  0.518591E-04 *******    0.66 *******   17.01 *******    0.00
  -90.00 -179.77   -0.01   -0.00  -90.00  126.62
  -90.00  179.83   -0.01   -0.00  -90.01   90.00
 0.1400  0.183425E+05  0.561735E+00  0.275930E+07  0.100970E+02  0.190970E+06  0.977395E-04 *******    1.11 *******   13.07 *******    0.00
  -90.00  179.98   -0.02   -0.02  -90.00   -1.44
  -90.00   -0.01   -0.02   -0.05  -90.01   90.00
 0.1600  0.239336E+05  0.362634E-01  0.274608E+07  0.120520E+02  0.248697E+06  0.874679E-04 *******    0.32 5523.45   25.89 *******    0.00
  -90.00  179.91   -0.03 -179.99  -90.00  -30.43
  -90.00  179.46  179.97 -179.94  -90.01   90.00
 0.1800  0.302571E+05  0.386708E+00  0.273094E+07  0.715892E+01  0.313732E+06  0.849192E-04 *******    0.90 *******   10.42 *******    0.00
  -90.00 -180.00   -0.04   -0.09  -90.00   -8.57
  -90.00 -179.93  179.96  179.91  -90.01  -90.00
 0.2000  0.373077E+05  0.546785E+00  0.271381E+07  0.116378E+01  0.385912E+06  0.864419E-04 *******    1.22 *******   11.33 *******    0.00
  -90.00   -0.04   -0.06    0.28  -90.00 -169.40
  -90.00  179.99  179.94 -179.74  -90.01   90.00
 0.2200  0.450792E+05  0.536419E+00  0.269476E+07  0.310171E+01  0.465113E+06  0.129078E-03 *******    0.46 *******   20.30 *******    0.00
  -90.00    0.11   -0.09   -0.21  -90.00  146.88
  -90.00   -0.06  179.91  179.97  -90.01   90.00
 0.2400  0.535648E+05  0.293510E+00  0.267337E+07  0.671419E+01  0.551060E+06  0.225415E-03 *******    1.02 *******   27.34 *******    0.00
  -89.99   -0.09   -0.13   -0.06  -89.99   37.44
  -89.99   -0.10  179.87 -179.98  -90.01  -90.00
 0.2600  0.627569E+05  0.451227E+00  0.264980E+07  0.118806E+02  0.643602E+06  0.172074E-03 *******    0.07 *******    0.59 *******    0.00
  -89.99 -179.97   -0.18    0.05  -89.99  -75.08
  -89.99  178.16  179.82    1.97  -90.00  -90.00
 0.2800  0.726528E+05  0.961573E-02  0.262422E+07  0.922680E+01  0.742591E+06  0.241293E-04 *******    0.09 *******   11.48 *******    0.00
  -89.98 -170.02   -0.25   -0.03  -89.98   10.39
  -89.98   -2.21  179.75   -0.27  -90.00   90.00
 0.3000  0.832343E+05  0.184739E+00  0.259626E+07  0.839028E+01  0.847680E+06  0.120916E-03 *******    0.60 *******   15.41 *******    0.00
  -89.97   -0.17   -0.32  179.69  -89.97 -115.31
  -89.97 -179.73  179.68   -0.48  -89.99  -90.00
 0.3200  0.944997E+05  0.701029E+00  0.256596E+07  0.824664E+01  0.958657E+06  0.316124E-03 *******    0.27 *******    4.13 *******    0.00
  -89.96   -0.14   -0.42    0.15  -89.96  -46.87
  -89.96  179.54  179.58  179.83  -89.97   90.00
 0.3400  0.106432E+06  0.334891E+00  0.253366E+07  0.545775E-01  0.107538E+07  0.348993E-03 *******    0.53 *******   10.89 *******    0.00
  -89.95   -0.16   -0.54  171.80  -89.95   88.33
  -89.95   -0.03  179.46  179.25  -89.96  -90.00
 0.3600  0.119021E+06  0.285978E-01  0.249877E+07  0.867675E+01  0.119733E+07  0.251921E-03 *******    0.35 *******    0.11 *******    0.00
  -89.93   -0.40   -0.69  179.58  -89.93   88.48
  -89.93    0.67  179.31 -153.90  -89.93  -90.00
 0.3800  0.132254E+06  0.481759E-01  0.246200E+07  0.820040E+01  0.132448E+07  0.327705E-03 *******    0.14 *******    3.62 *******    0.00
  -89.90   -2.36   -0.86  179.50  -89.90  -94.63
  -89.90  175.68  179.14 -177.01  -89.90  -89.94
 0.4000  0.146118E+06  0.117434E+00  0.242279E+07  0.521566E+01  0.145620E+07  0.425678E-03 *******    0.58 *******    0.28 *******    0.00
  -89.87   -1.77   -1.07    0.06  -89.87   72.72
  -89.87 -179.15  178.93  170.44  -89.87  -90.00
 0.4200  0.160579E+06  0.692135E+00  0.238179E+07  0.310460E+01  0.159244E+07  0.312582E-03 *******    0.07 *******   13.39 *******    0.00
  -89.84    0.44   -1.32    2.89  -89.84  104.43
  -89.84   46.07  178.68 -179.24  -89.83   90.00
 0.4400  0.175640E+06  0.952928E-01  0.233916E+07  0.149784E+01  0.173279E+07  0.379995E-04 *******    0.77 *******   12.99 *******    0.00
  -89.79 -175.03   -1.61  175.63  -89.79  -38.25
  -89.79   -1.76  178.39 -179.08  -89.79  -89.78
 0.4600  0.191253E+06  0.692036E-01  0.229409E+07  0.295121E+01  0.187639E+07  0.530623E-03 *******    0.39 *******    2.26 *******    0.00
  -89.74  175.00   -1.95  177.94  -89.74  -89.75
  -89.74  171.94  178.05   -1.78  -89.73   90.23
 0.4800  0.207409E+06  0.529958E+00  0.224804E+07  0.719017E+01  0.202347E+07  0.394390E-03 *******    0.68 *******    2.38 *******    0.00
  -89.68   -1.41   -2.35  178.82  -89.68  103.29
  -89.68    1.93  177.65   12.98  -89.67  -90.00
 0.5000  0.224075E+06  0.792110E-01  0.220034E+07  0.118057E+02  0.217310E+07  0.879626E-04 *******    0.27 *******    4.91 *******    0.00
  -89.61    5.31   -2.80   -0.91  -89.61   93.54
  -89.60  177.67  177.20 -175.25  -89.60   92.24
 0.5200  0.241190E+06  0.617482E+00  0.215156E+07  0.226245E+01  0.232488E+07  0.413749E-03 *******    0.56 *******    7.58 *******    0.00
  -89.53   -2.16   -3.32    2.15  -89.53 -107.77
  -89.52  173.49  176.68  178.69  -89.52   90.37
 0.5400  0.258756E+06  0.144882E+00  0.210224E+07  0.974318E+01  0.247854E+07  0.893836E-03 *******    0.43 *******    4.67 *******    0.00
  -89.43   -0.83   -3.90  177.79  -89.43  -91.51
  -89.43 -174.48  176.10    1.27  -89.43  -89.63
 0.5600  0.276709E+06  0.527647E-01  0.205200E+07  0.589143E+01  0.263314E+07  0.105495E-02 *******    0.08 *******    2.28 *******    0.00
  -89.33 -155.52   -4.54    2.20  -89.33  -87.22
  -89.33   23.33  175.46 -173.68  -89.33   90.00
 0.5800  0.294968E+06  0.546251E+00  0.200137E+07  0.138530E+00  0.278803E+07  0.668166E-03 *******    0.59 *******    2.02 *******    0.00
  -89.22    0.99   -5.26  122.78  -89.22   89.33
  -89.22   -7.32  174.74    9.29  -89.22  -87.08
 0.6000  0.313528E+06  0.209827E+00  0.195090E+07  0.891859E+01  0.294300E+07  0.174668E-03 *******    0.24 *******   15.75 *******    0.00
  -89.09   -3.48   -6.05  176.79  -89.09   80.96
  -89.09  173.51  173.94 -175.01  -89.09  158.39
 0.6200  0.332307E+06  0.169301E+00  0.190067E+07  0.531096E+01  0.309720E+07  0.249519E-03 *******    0.14 *******    6.13 *******    0.00
  -88.96  166.74   -6.92 -178.04  -88.96  -98.17
  -88.96  136.48  173.08  -11.95  -88.96  -27.24
 0.6400  0.351210E+06  0.231268E+00  0.184993E+07  0.687864E+00  0.324908E+07  0.257130E-03 *******    0.43 *******   11.95 *******    0.00
  -88.81   12.33   -7.85 -135.15  -88.81   81.98
  -88.81    3.55  172.15    0.94  -88.81   95.03
 0.6600  0.370182E+06  0.761494E-01  0.180023E+07  0.576944E+01  0.339901E+07  0.395667E-03 *******    0.33 *******   20.19 *******    0.00
  -88.66  -43.72   -8.87    5.30  -88.66  -66.11
  -88.66  -16.26  171.13   -0.52  -88.65  -81.02
 0.6800  0.389158E+06  0.418673E+00  0.175129E+07  0.334421E+01  0.354582E+07  0.484783E-03 *******    0.23 *******   10.14 *******    0.00
  -88.49   -3.21   -9.95  179.74  -88.49  -97.69
  -88.49  -24.65  170.04 -172.93  -88.49  -90.00
 0.7000  0.408033E+06  0.284177E+00  0.170297E+07  0.273237E+01  0.368854E+07  0.197888E-02 *******    0.14 *******    1.56 *******    0.00
  -88.32  -32.85  -11.11   -8.29  -88.32   90.52
  -88.33  -26.30  168.89  165.99  -88.33  -87.49
 0.7200  0.426693E+06  0.134439E+00  0.165508E+07  0.391698E+01  0.382573E+07  0.622241E-03 *******    0.06 *******    6.57 *******    0.00
  -88.15 -178.42  -12.34   -7.36  -88.15  -91.97
  -88.15  -96.21  167.68   13.86  -88.16   85.50
 0.7400  0.445065E+06  0.282124E+00  0.160861E+07  0.136955E+01  0.395767E+07  0.339601E-03 *******    0.13 *******    2.28 *******    0.00
  -87.98    0.56  -13.64   32.72  -87.98  -79.91
  -87.98  166.42  166.34 -178.28  -87.98  104.15
 0.7600  0.463067E+06  0.286092E+00  0.156323E+07  0.102400E+01  0.408313E+07  0.856034E-03 *******    0.17 *******   19.78 *******    0.00
  -87.81 -164.66  -15.01 -152.15  -87.81  -76.10
  -87.81  -54.91  164.97 -178.09  -87.81 -151.99
 0.7800  0.480571E+06  0.515591E-01  0.151896E+07  0.267335E+01  0.420124E+07  0.694339E-04 *******    0.32 *******   10.55 *******    0.00
  -87.65    3.62  -16.44  113.39  -87.65  -39.75
  -87.65  171.21  163.56  178.61  -87.65  -74.30
 0.8000  0.497471E+06  0.123101E+00  0.147508E+07  0.765659E+00  0.431032E+07  0.172986E-02 *******    0.04 *******    4.49 *******    0.00
  -87.49   13.48  -17.93 -133.50  -87.49  -90.24
  -87.49  -98.58  162.09  110.12  -87.50   86.82
 0.8200  0.513662E+06  0.886353E-01  0.143281E+07  0.555601E+01  0.441106E+07  0.260442E-02 *******    0.26 *******    1.50 *******    0.00
  -87.35  -38.05  -19.48  175.48  -87.35  -92.45
  -87.35  -18.00  160.57   47.95  -87.36  -97.15
 0.8400  0.529100E+06  0.979245E-01  0.139181E+07  0.513825E+01  0.450231E+07  0.832684E-03 *******    0.25 *******    6.39 *******    0.00
  -87.23  176.40  -21.10 -171.90  -87.23  -99.91
  -87.23  147.63  158.85  177.63  -87.23  -90.57
 0.8600  0.543661E+06  0.649107E+00  0.135190E+07  0.682891E+00  0.458348E+07  0.243631E-03 *******    0.27 *******    6.35 *******    0.00
  -87.14    9.10  -22.77  176.90  -87.14 -125.90
  -87.14    2.59  157.18  159.82  -87.14   52.97
 0.8800  0.557257E+06  0.665981E+00  0.131293E+07  0.216818E+01  0.465399E+07  0.101075E-02 *******    0.23 *******    4.48 *******    0.00
  -87.07 -172.31  -24.50 -168.84  -87.07   91.54
  -87.07   27.90  155.49   26.37  -87.08  115.68
 0.9000  0.569817E+06  0.102804E+00  0.127465E+07  0.115643E+01  0.471280E+07  0.251811E-03 *******    0.04 *******    6.90 *******    0.00
  -87.04  171.58  -26.29  137.50  -87.04   99.17
  -87.04  123.13  153.75   23.59  -87.05  -88.85
 0.9200  0.581258E+06  0.248266E+00  0.123778E+07  0.104924E+02  0.476097E+07  0.949544E-03 *******    0.36 *******    2.87 *******    0.00
  -87.05  -63.97  -28.12   -3.34  -87.05  -94.72
  -87.05 -162.99  151.96  122.28  -87.06   99.13
 0.9400  0.591595E+06  0.413773E+00  0.120205E+07  0.211098E+01  0.479786E+07  0.791740E-03 *******    0.33 *******    3.21 *******    0.00
  -87.11   27.65  -30.00   -6.63  -87.11   87.76
  -87.11   16.51  149.89   -7.09  -87.11  -95.31
 0.9600  0.600760E+06  0.442752E+00  0.116726E+07  0.240545E+01  0.482346E+07  0.127688E-02 *******    0.27 *******    9.54 *******    0.00
  -87.22   -2.30  -31.94  161.23  -87.22  -80.74
  -87.22 -145.68  147.97  177.97  -87.22  -49.82
 0.9800  0.608715E+06  0.529651E+00  0.113342E+07  0.222587E+01  0.483783E+07  0.228325E-03 *******    0.18 *******    9.27 *******    0.00
  -87.39  168.19  -33.92  154.14  -87.38  -11.65
  -87.39 -166.16  146.03 -178.82  -87.39  -87.11
 1.0000  0.615458E+06  0.413622E+00  0.110010E+07  0.382936E+01  0.484061E+07  0.253101E-03 *******    0.19 *******    5.38 *******    0.00
  -87.61 -179.91  -35.96 -144.68  -87.61   80.08
  -87.61  124.16  144.07 -166.98  -87.63   86.42
 1.0200  0.620974E+06  0.322914E+00  0.106791E+07  0.298638E+01  0.483313E+07  0.100026E-03 *******    0.35 *******    4.17 *******    0.00
  -87.91 -178.92  -38.03 -149.52  -87.91   97.09
  -87.91  158.71  142.00  -17.44  -87.92  -97.97
 1.0400  0.625297E+06  0.216290E+00  0.103670E+07  0.324017E+01  0.481560E+07  0.225769E-02 *******    0.30 *******    1.53 *******    0.00
  -88.28  175.73  -40.16  -32.22  -88.28   93.09
  -88.28  -76.15  139.66  -66.04  -88.27  -42.71
 1.0600  0.628480E+06  0.122394E+00  0.100630E+07  0.819969E+00  0.478841E+07  0.168134E-02 *******    0.16 *******    0.77 *******    0.00
  -88.73  -30.88  -42.33   38.63  -88.73  -82.17
  -88.73   72.51  137.45    6.56  -88.72  103.62
 1.0800  0.630531E+06  0.633198E-01  0.976703E+06  0.408613E+01  0.475217E+07  0.438361E-03 *******    0.16 *******   22.20 *******    0.00
  -89.26    7.82  -44.54  -13.27  -89.25 -122.62
  -89.26  -33.16  135.25 -174.93  -89.25   91.49
 1.1000  0.631489E+06  0.115520E+00  0.947873E+06  0.187928E+01  0.470750E+07  0.279842E-03 *******    0.24 *******    3.20 *******    0.00
  -89.87  106.97  -46.81  -10.14  -89.87   -2.85
  -89.87  135.62  133.09   57.10  -89.88  -82.87
 1.1200  0.631409E+06  0.183986E+00  0.919606E+06  0.349489E+01  0.465474E+07  0.153715E-02 *******    0.28 *******   11.06 *******    0.00
  -90.56   -5.55  -49.12   12.84  -90.56  -83.01
  -90.56  132.97  130.89    1.14  -90.59  -93.75
 1.1400  0.630350E+06  0.153898E+00  0.892174E+06  0.916322E+00  0.459507E+07  0.991126E-04 *******    0.07 *******    6.57 *******    0.00
  -91.35  130.53  -51.48 -154.17  -91.35  -78.70
  -91.35   77.73  128.43  -25.08  -91.35   72.06
 1.1600  0.628388E+06  0.469929E+00  0.865485E+06  0.215405E+01  0.452926E+07  0.277534E-02 *******    0.42 *******   16.97 *******    0.00
  -92.23   -0.00  -53.88   97.57  -92.23   87.29
  -92.23   14.33  125.93   -9.34  -92.22  -97.12
 1.1800  0.625591E+06  0.753513E-01  0.839528E+06  0.349509E+01  0.445785E+07  0.178423E-02 *******    0.43 *******    7.78 *******    0.00
  -93.20  -63.13  -56.33  161.83  -93.20   89.05
  -93.20   -5.65  123.20    3.33  -93.16   88.08
 1.2000  0.622011E+06  0.186802E+00  0.814223E+06  0.264971E+01  0.438154E+07  0.774142E-03 *******    0.09 *******    1.29 *******    0.00
  -94.26  123.00  -58.82  142.11  -94.26  137.55
  -94.27  -17.47  120.68   74.55  -94.23   83.27
 1.2200  0.617711E+06  0.268959E+00  0.789562E+06  0.902043E+00  0.430098E+07  0.242022E-02 *******    0.21 *******    5.67 *******    0.00
  -95.42   -2.80  -61.36  179.09  -95.42   97.68
  -95.43  -49.09  118.25   12.60  -95.41 -127.71
 1.2400  0.612753E+06  0.196979E+00  0.765521E+06  0.414881E+01  0.421681E+07  0.226642E-02 *******    0.23 *******    2.31 *******    0.00
  -96.68  125.39  -63.94   -7.53  -96.68  -88.61
  -96.69  -97.20  115.94   29.96  -96.70   49.93
 1.2600  0.607199E+06  0.192107E+00  0.742044E+06  0.188995E+01  0.412942E+07  0.365502E-03 *******    0.12 *******    3.01 *******    0.00
  -98.03 -151.77  -66.58   -0.67  -98.03  -69.71
  -98.03  -73.93  113.35 -159.69  -98.08 -110.65
 1.2800  0.601129E+06  0.255503E+00  0.719218E+06  0.331470E+01  0.403986E+07  0.501391E-03 *******    0.13 *******    2.25 *******    0.00
  -99.48  -68.66  -69.26    3.56  -99.48  -70.80
  -99.48  -32.57  110.40  -58.37  -99.45  -99.10
 1.3000  0.594602E+06  0.174835E+00  0.696969E+06  0.153940E+01  0.394843E+07  0.141244E-02 *******    0.25 *******   16.25 *******    0.00
 -101.02    9.76  -71.99  168.02 -101.02   85.87
 -101.03  120.06  107.45 -178.21 -100.94   90.95
 1.3200  0.587659E+06  0.211120E+00  0.675317E+06  0.199684E+01  0.385560E+07  0.129602E-02 *******    0.29 *******    3.62 *******    0.00
 -102.65 -109.15  -74.76  145.31 -102.65   90.73
 -102.67  102.23  104.41  165.47 -102.54  -22.40
 1.3400  0.580355E+06  0.451402E+00  0.654217E+06  0.149936E+01  0.376182E+07  0.769010E-03 *******    0.22 *******    7.00 *******    0.00
 -104.38  161.01  -77.58  117.71 -104.38  -54.29
 -104.40  -16.68  101.53   -5.35 -104.25  124.74
 1.3600  0.572731E+06  0.217264E+00  0.633660E+06  0.999769E+00  0.366748E+07  0.169400E-02 *******    0.48 *******    8.97 *******    0.00
 -106.20   31.96  -80.44  174.31 -106.20   66.84
 -106.23   16.85   98.80  164.93 -106.09  -64.00
 1.3800  0.564827E+06  0.262314E-01  0.613624E+06  0.171398E+01  0.357292E+07  0.178849E-02 *******    0.05 *******    3.34 *******    0.00
 -108.11   46.25  -83.36 -165.21 -108.11  -76.67
 -108.14   78.09   96.22 -148.02 -108.06  -79.00
 1.4000  0.556682E+06  0.101421E+00  0.594091E+06  0.180492E+01  0.347847E+07  0.486724E-03 *******    0.09 *******    4.80 *******    0.00
 -110.12  166.30  -86.32  156.14 -110.12 -174.01
 -110.15    0.54   93.63  -86.96 -110.16  129.22
 1.4200  0.548344E+06  0.281670E-02  0.575094E+06  0.312979E+01  0.338442E+07  0.140905E-02 *******    0.12 *******    2.01 *******    0.00
 -112.21  -62.04  -89.33   21.95 -112.21   85.58
 -112.24  -26.07   90.45  110.18 -112.23  -97.24
 1.4400  0.539851E+06  0.571224E-01  0.556579E+06  0.367962E+00  0.329108E+07  0.177208E-03 *******    0.28 *******    1.52 *******    0.00
 -114.39  -30.49  -92.40  -21.89 -114.39 -119.70
 -114.43    9.87   87.12  -48.77 -114.30   -0.58
 1.4600  0.531223E+06  0.291240E-01  0.538540E+06  0.480603E+01  0.319862E+07  0.681346E-03 *******    0.09 *******    3.09 *******    0.00
 -116.66 -105.68  -95.51    8.52 -116.66  129.59
 -116.71  146.86   83.82  -51.03 -116.48 -107.50
 1.4800  0.522484E+06  0.734825E-01  0.520977E+06  0.334942E+01  0.310725E+07  0.125695E-02 *******    0.14 *******    0.56 *******    0.00
 -119.01   52.10  -98.66  -25.08 -119.01   93.88
 -119.08    6.62   80.56  -37.84 -118.78  -99.69
 1.5000  0.513653E+06  0.494316E-01  0.503854E+06  0.899194E+00  0.301711E+07  0.527088E-03 *******    0.12 *******    1.09 *******    0.00
 -121.45   79.40 -101.87  140.72 -121.45 -137.97
 -121.53  159.88   77.39  140.54 -121.19 -117.47
 1.5200  0.504748E+06  0.883158E-01  0.487170E+06  0.221536E+01  0.292836E+07  0.734778E-03 *******    0.03 *******    8.19 *******    0.00
 -123.97  138.55 -105.12  151.06 -123.97   77.42
 -124.07   14.28   74.32 -170.06 -123.72   72.06
 1.5400  0.495786E+06  0.304717E-01  0.470895E+06  0.730167E+00  0.284108E+07  0.144039E-02 *******    0.04 *******   13.46 *******    0.00
 -126.57 -132.84 -108.43  -85.64 -126.57 -159.86
 -126.68 -120.08   71.31    0.23 -126.38 -109.40
 1.5600  0.486771E+06  0.397841E-01  0.455022E+06  0.321091E+01  0.275539E+07  0.147976E-02 *******    0.09 *******    3.06 *******    0.00
 -129.25  -37.76 -111.78 -179.86 -129.25  -94.51
 -129.37   -5.34   68.32  -24.63 -129.19   75.95
 1.5800  0.477730E+06  0.750796E-01  0.439529E+06  0.106022E+01  0.267132E+07  0.886796E-03 *******    0.10 *******   12.67 *******    0.00
 -132.01  122.08 -115.18  -74.17 -132.01   75.77
 -132.13  -20.08   64.93  166.36 -132.06  -15.98
 1.6000  0.468665E+06  0.190579E+00  0.424444E+06  0.150775E+01  0.258900E+07  0.145559E-02 *******    0.05 *******    3.36 *******    0.00
 -134.85 -119.77 -118.64  -29.27 -134.85  132.21
 -134.98  117.83   61.42 -161.72 -134.82  -86.20
 1.6200  0.459588E+06  0.199016E+00  0.409709E+06  0.416251E+00  0.250846E+07  0.143677E-02 *******    0.08 *******    1.90 *******    0.00
 -137.76   36.74 -122.14   77.93 -137.76  119.08
 -137.92  171.50   57.89   64.10 -137.65   49.57
 1.6400  0.450496E+06  0.187293E+00  0.395307E+06  0.121857E+01  0.242974E+07  0.133848E-02 *******    0.10 *******    1.19 *******    0.00
 -140.75 -138.01 -125.70  -14.59 -140.76 -107.11
 -140.93  134.94   54.39 -163.85 -140.59  152.55
 1.6600  0.441386E+06  0.563051E-02  0.381197E+06  0.307885E+01  0.235283E+07  0.652754E-03 *******    0.39 *******    1.49 *******    0.00
 -143.82  -34.89 -129.31  169.04 -143.82   70.93
 -144.03  -14.77   50.89    2.67 -143.62 -110.12
 1.6800  0.432263E+06  0.276687E+00  0.367355E+06  0.940299E+00  0.227777E+07  0.170015E-02 *******    0.12 *******    3.62 *******    0.00
 -146.96 -173.66 -132.97 -140.96 -146.96 -164.51
 -147.19   47.80   47.36 -178.40 -146.76 -166.49
 1.7000  0.423111E+06  0.119703E+00  0.353759E+06  0.159280E+01  0.220457E+07  0.195291E-02 *******    0.39 *******    1.87 *******    0.00
 -150.17  -62.34 -136.67  165.14 -150.17  -78.38
 -150.43   -3.78   43.79  174.09 -149.98  125.08
 1.7200  0.413922E+06  0.110018E+00  0.340332E+06  0.497275E+00  0.213320E+07  0.914066E-03 *******    0.18 *******    4.30 *******    0.00
 -153.45  -40.14 -140.44  148.87 -153.46  -88.07
 -153.72  138.33   40.09  173.76 -153.31  -44.52
 1.7400  0.404692E+06  0.226273E+00  0.327017E+06  0.863964E+00  0.206365E+07  0.408261E-03 *******    0.12 *******    3.85 *******    0.00
 -156.80 -177.72 -144.26 -120.49 -156.81 -106.22
 -157.09  169.02   36.22    2.19 -156.75  179.28
 1.7600  0.395397E+06  0.327745E-01  0.313738E+06  0.142646E+01  0.199593E+07  0.312616E-02 *******    0.17 *******   10.49 *******    0.00
 -160.23 -145.97 -148.14 -176.36 -160.23    2.30
 -160.52  166.01   32.20 -179.49 -160.26  171.16
 1.7800  0.386021E+06  0.104541E+00  0.300451E+06  0.884041E+00  0.193004E+07  0.878165E-03 *******    0.31 *******    6.65 *******    0.00
 -163.72  -68.95 -152.07 -179.69 -163.72   28.43
 -164.01   -4.79   28.43  171.95 -163.78   96.41
 1.8000  0.376542E+06  0.178327E+00  0.286954E+06  0.357885E+00  0.186590E+07  0.430793E-03 *******    0.03 *******    1.73 *******    0.00
 -167.28   19.91 -156.07  -43.06 -167.29  -66.35
 -167.59 -117.92   24.56  158.69 -167.33   35.51
 1.8200  0.366929E+06  0.142084E+00  0.272973E+06  0.286633E+00  0.180357E+07  0.962968E-03 *******    0.22 *******    0.71 *******    0.00
 -170.91 -157.91 -160.14   84.78 -170.91  -56.89
 -171.24  177.76   20.67  129.74 -170.95   -1.99
 1.8400  0.357124E+06  0.133643E+00  0.258048E+06  0.278958E+00  0.174294E+07  0.172721E-02 *******    0.36 *******    5.35 *******    0.00
 -174.60 -168.87 -164.28   63.64 -174.61 -158.80
 -174.94  179.08   16.86  -13.28 -174.65  -90.00
 1.8600  0.347086E+06  0.114544E+00  0.241333E+06  0.831084E+00  0.168401E+07  0.239201E-03 *******    0.05 *******    8.35 *******    0.00
 -178.36  -24.97 -168.52  175.83 -178.37  172.89
 -178.72   22.56   12.88 -178.32 -178.42    2.43
 1.8800  0.336746E+06  0.112053E+00  0.221055E+06  0.105909E+00  0.162673E+07  0.135594E-02 *******    0.32 *******    5.01 *******    0.00
  177.81 -176.63 -172.89  107.59  177.80  100.27
  177.44  178.80    8.84 -152.94  177.74   -0.26
 1.9000  0.326017E+06  0.389533E+00  0.192695E+06  0.366690E+00  0.157105E+07  0.146879E-02 *******    0.31 *******    6.51 *******    0.00
  173.92  179.40 -177.49   26.58  173.91 -168.80
  173.55   -0.35    4.99 -177.19  173.84 -179.22
 1.9200  0.314783E+06  0.566393E+00  0.140020E+06  0.875544E+00  0.151687E+07  0.159964E-02 *******    0.04 *******   15.43 *******    0.00
  169.97 -179.13  177.33  156.22  169.96  -28.99
  169.60 -174.72    2.44  179.49  169.87 -160.42
 1.9400  0.302893E+06  0.129486E+00  0.684427E+05  0.138604E+00  0.146418E+07  0.121610E-02 *******    0.02 *******   17.65 *******    0.00
  165.94   17.56  -10.39  101.78  165.94  -35.16
  165.59  -88.67  164.80   17.16  165.84 -172.61
 1.9600  0.290154E+06  0.925654E+00  0.622475E+06  0.391698E+00  0.141291E+07  0.148361E-02 *******    0.36 *******   18.07 *******    0.00
  161.86   -3.60  179.41   -4.36  161.86   18.95
  161.52 -177.87   -0.97   -2.99  161.75    5.80
 1.9800  0.276287E+06  0.128045E+00  0.346762E+06  0.290122E+00  0.136296E+07  0.951161E-03 *******    0.17 *******    5.49 *******    0.00
  157.71   47.53  169.35   11.10  157.71   93.23
  157.40  -30.53  -11.08 -151.96  157.61  106.91
 2.0000  0.260901E+06  0.282759E+00  0.289453E+06  0.568105E+00  0.131427E+07  0.122078E-02 *******    0.06 *******    1.36 *******    0.00
  153.50   -9.61  163.82  -14.58  153.50  110.41
  153.21   43.38  -16.90   42.59  153.40 -172.69
 2.0200  0.243428E+06  0.138504E+00  0.261084E+06  0.272268E+00  0.126674E+07  0.765412E-03 *******    0.06 *******    2.38 *******    0.00
  149.22  170.53  158.87   -6.42  149.22   33.49
  148.93   84.19  -21.93  130.52  149.12  168.46
 2.0400  0.222980E+06  0.473670E-01  0.242273E+06  0.424184E-01  0.122021E+07  0.334625E-03 *******    0.09 *******    1.48 *******    0.00
  144.88   53.34  154.06   63.05  144.88   21.68
  144.61  -99.89  -26.80 -142.38  144.78   92.01
 2.0600  0.198159E+06  0.144893E+00  0.227892E+06  0.156065E+00  0.117446E+07  0.109897E-02 *******    0.16 *******    2.78 *******    0.00
  140.47   52.26  149.29   25.01  140.47   91.65
  140.22  -63.48  -31.75  174.36  140.37 -160.90
 2.0800  0.166606E+06  0.110602E+00  0.216009E+06  0.504605E+00  0.112911E+07  0.328855E-03 *******    0.06 *******    0.97 *******    0.00
  135.99  -72.37  144.53 -172.92  135.99   35.75
  135.75  -37.75  -36.51   53.06  135.89   90.48
 2.1000  0.123949E+06  0.422741E-01  0.205694E+06  0.331123E+00  0.108350E+07  0.583860E-03 *******    0.05 *******    1.18 *******    0.00
  131.42  -19.22  139.75 -175.45  131.44  101.30
  131.22  146.02  -41.31   -4.40  131.35   84.36
 2.1200  0.611096E+05  0.138366E-01  0.196464E+06  0.385886E+00  0.103629E+07  0.628581E-03 *******    0.07 *******    0.79 *******    0.00
  126.67   75.34  134.93  -38.40  126.80   70.21
  126.62   67.82  -46.19 -118.78  126.73  -61.34
 2.1400  0.443740E+05  0.752716E-01  0.188045E+06  0.239813E+00  0.984268E+06  0.216326E-02 *******    0.05 *******    0.83 *******    0.00
  -57.54  -22.38  130.08  156.40  122.04  100.94
  121.89   15.56  -51.14  156.83  121.98   30.51
 2.1600  0.267077E+06  0.372363E-01  0.180194E+06  0.363116E+00  0.916784E+06  0.127637E-02 *******    0.03 *******    0.79 *******    0.00
  -62.79  160.66  125.18   98.62  117.03   88.20
  116.92  157.53  -56.07 -163.85  117.00   91.18
 2.1800  0.109493E+07  0.169650E+00  0.172959E+06  0.620153E-01  0.764470E+06  0.248664E-02 *******    0.09 *******    0.43 *******    0.00
  -68.79 -151.30  120.26 -145.95  110.99   85.95
  110.97   65.04  -60.99 -175.47  111.05 -168.20
 2.2000  0.396932E+07  0.639373E-01  0.166102E+06  0.311363E+00  0.144325E+07  0.827364E-04 *******    0.12 *******    8.70 *******    0.00
  114.08  176.63  115.30  127.56  114.16  146.02
  -66.12  126.35  -65.95 -103.85  -66.05  -43.64
 2.2200  0.111564E+07  0.501446E-01  0.159636E+06  0.216134E+00  0.101094E+07  0.850919E-03 *******    0.07 *******    1.07 *******    0.00
  104.93   42.64  110.28  125.41  104.91   26.83
  -75.23 -147.84  -71.00  177.92  -75.17   78.07
 2.2400  0.761397E+06  0.590360E-01  0.153539E+06  0.194564E+00  0.929152E+06  0.109981E-02 *******    0.03 *******    0.85 *******    0.00
   99.50  -83.79  105.18 -163.44   99.48   18.75
  -80.63  141.15  -76.25  -97.77  -80.57   94.86
 2.2600  0.621359E+06  0.985599E-01  0.147699E+06  0.708442E-01  0.878472E+06  0.747165E-03 *******    0.08 *******    1.04 *******    0.00
   94.35    4.10  100.05  -50.57   94.33  143.85
  -85.79  -31.24  -81.48   78.09  -85.72   80.69
 2.2800  0.545616E+06  0.826218E-01  0.142207E+06  0.169690E+00  0.837799E+06  0.140688E-02 *******    0.08 *******    1.11 *******    0.00
   89.23 -102.84   94.87   15.45   89.22 -120.29
  -90.91  171.20  -86.69  164.97  -90.84   85.49
 2.3000  0.497801E+06  0.580419E-01  0.137013E+06  0.530779E+00  0.801791E+06  0.125982E-02 *******    0.04 *******    1.88 *******    0.00
   84.09   57.27   89.62  -13.17   84.08  -39.30
  -96.05  -52.51  -92.18   37.36  -95.98  -93.78
 2.3200  0.464815E+06  0.117575E+00  0.132112E+06  0.293014E+00  0.768914E+06  0.171493E-02 *******    0.05 *******    0.69 *******    0.00
   78.93   46.41   84.32 -173.67   78.91  -57.66
 -101.22   49.83  -97.60  -42.19 -101.15 -144.20
 2.3400  0.440721E+06  0.451414E-01  0.127568E+06  0.158755E-01  0.738188E+06  0.858337E-03 *******    0.11 *******    3.89 *******    0.00
   73.72  -37.90   78.98  105.88   73.70 -135.64
 -106.43   40.55 -103.05  131.43 -106.35   33.88
 2.3600  0.422500E+06  0.979820E-01  0.123586E+06  0.504323E-01  0.709182E+06  0.494400E-03 *******    0.10 *******    0.43 *******    0.00
   68.47 -171.81   73.57   13.97   68.44  131.55
 -111.68  127.96 -108.70   18.46 -111.60    7.38
 2.3800  0.408491E+06  0.117532E+00  0.120675E+06  0.221682E+00  0.681643E+06  0.117684E-02 *******    0.11 *******    1.14 *******    0.00
   63.18   67.45   68.01    6.44   63.14  -57.32
 -116.97   60.87 -114.90  153.30 -116.89 -115.01
 2.4000  0.397702E+06  0.439865E+00  0.122003E+06  0.148937E+01  0.655328E+06  0.437428E-03 *******    1.42 *******   88.79 *******    0.00
   57.85  152.09   62.16   23.06   57.80 -110.28
 -122.31  147.25 -122.50   22.46 -122.23   76.00
 2.4200  0.389576E+06  0.232774E+00  0.370129E+05  0.185376E+00  0.629140E+06  0.353644E-03 *******    1.52 *******   12.59 *******    0.00
   52.42 -149.98   82.81   99.88   52.36 -100.54
 -127.77   99.09   32.86   26.68 -127.68 -132.61
 2.4400  0.383791E+06  0.945297E-01  0.949457E+05  0.122078E+00  0.604760E+06  0.816710E-03 *******    0.11 7874.99   10.93 *******    0.00
   47.01    1.46   52.90  -49.26   46.97 -127.61
 -133.16   90.69 -121.45   89.76 -133.08 -167.76
 2.4600  0.380296E+06  0.529278E-01  0.948205E+05  0.135132E+00  0.580830E+06  0.138973E-02 *******    0.09 9350.71    1.41 *******    0.00
   41.53  153.65   46.76  -23.17   41.50  -18.69
 -138.63   80.41 -131.45   73.32 -138.55  -30.90
 2.4800  0.379197E+06  0.478740E-01  0.924555E+05  0.377429E+00  0.557472E+06  0.218883E-03 *******    0.06 9777.57    0.55 *******    0.00
   36.00  171.30   40.88   23.14   35.97   -3.54
 -144.15  -84.89 -138.45 -147.08 -144.08 -165.19
 2.5000  0.380800E+06  0.253973E-01  0.894691E+05  0.150779E+00  0.534657E+06  0.317215E-03 *******    0.02 9520.86    1.30 *******    0.00
   30.42  -77.43   35.13   45.06   30.39  126.48
 -149.72  123.97 -144.48  -84.76 -149.65  -12.75
 2.5200  0.385721E+06  0.299722E-01  0.863151E+05  0.877433E-01  0.512144E+06  0.434006E-03 *******    0.03 9002.41    0.30 *******    0.00
   24.79   91.07   29.40   50.80   24.78   69.78
 -155.34  104.05 -150.21  -73.31 -155.27  174.12
 2.5400  0.395068E+06  0.528720E-02  0.832270E+05  0.126727E+00  0.489821E+06  0.942590E-03 *******    0.01 8646.12    0.79 *******    0.00
   19.12  148.31   23.61  174.85   19.11   -2.96
 -161.00 -145.34 -156.06  -59.59 -160.94    2.71
 2.5600  0.410762E+06  0.768591E-01  0.801604E+05  0.766827E-01  0.467306E+06  0.285325E-03 *******    0.02 8274.32    0.14 *******    0.00
   13.41  -65.92   17.81 -102.11   13.39  -31.03
 -166.69   32.56 -161.88  147.04 -166.64    5.71
 2.5800  0.436451E+06  0.220032E-01  0.770951E+05  0.212798E-01  0.444052E+06  0.117098E-02 *******    0.02 7886.93    0.11 *******    0.00
    7.68  158.05   11.97  -25.69    7.63   26.71
 -172.40 -111.40 -167.55   55.24 -172.36   -6.02
 2.6000  0.479675E+06  0.437039E-01  0.737758E+05  0.105392E+00  0.418844E+06  0.483093E-03 *******    0.02 7608.82    0.95 *******    0.00
    1.92  -51.92    6.08   45.53    1.84    4.64
 -178.14  -35.30 -173.34   92.31 -178.11   69.71
 2.6200  0.558889E+06  0.104113E-01  0.712002E+05  0.130068E+00  0.389130E+06  0.973325E-03 *******    0.01 7320.76    0.29 *******    0.00
   -3.79 -177.99    0.15   13.33   -3.91 -101.59
  176.17 -151.27 -179.24   35.30  176.19  -55.97
 2.6400  0.734193E+06  0.166325E-01  0.683825E+05  0.178720E+00  0.345690E+06  0.116536E-02 *******    0.01 7070.28    0.74 *******    0.00
   -9.36   78.18   -5.86 -178.41   -9.51 -148.33
  170.62  -48.02  174.82  159.64  170.64 -145.50
 2.6600  0.137080E+07  0.265298E-01  0.656397E+05  0.109622E+00  0.233722E+06  0.420117E-03 *******    0.01 6858.73    0.41 *******    0.00
  -13.94   -8.01  -11.92  177.85  -14.30  -59.26
  166.05 -127.60  168.85    2.35  166.06   24.99
 2.6800  0.392811E+07  0.781700E-01  0.625035E+05  0.105949E+00  0.100199E+07  0.523763E-03 *******    0.04 6642.06    0.87 *******    0.00
  148.23   13.62  -18.05 -176.49  -31.50  115.19
  -31.76 -142.42  162.90  106.72  -31.76   38.26
 2.7000  0.530411E+06  0.308528E-01  0.603525E+05  0.215839E-01  0.485356E+06  0.506472E-03 *******    0.01 6458.99    0.20 *******    0.00
  149.68  101.88  -24.17  130.82  -30.18  -66.37
  -30.30  109.61  156.89   -8.43  -30.29   -9.87
 2.7200  0.200799E+06  0.257322E-01  0.578479E+05  0.134575E+00  0.420859E+06  0.293850E-03 *******    0.00 6290.64    0.29 *******    0.00
  144.25   19.70  -30.35 -174.09  -35.60  124.81
  -35.70   89.02  150.81 -172.03  -35.70  149.33
 2.7400  0.794186E+05  0.153086E-01  0.554357E+05  0.145146E+00  0.387755E+06  0.600086E-03 *******    0.03 6134.35    0.75 *******    0.00
  138.29 -161.99  -36.56 -159.73  -41.54  -54.20
  -41.61  121.13  144.69 -173.83  -41.61 -169.47
 2.7600  0.180474E+05  0.651029E-02  0.530972E+05  0.541403E-01  0.363995E+06  0.512718E-03 *******    0.01 5977.68    0.57 *******    0.00
  132.00 -109.41  -42.79   -5.08  -47.67   88.23
  -47.70  -50.89  138.54  -93.11  -47.71  124.28
 2.7800  0.178508E+05  0.202879E-01  0.507999E+05  0.530611E-01  0.344589E+06  0.912649E-04 *******    0.02 5802.74    0.28 *******    0.00
  -53.73   46.14  -49.03   89.97  -53.93  -59.21
  -53.91  -69.75  132.43  129.71  -53.91 -147.24
 2.8000  0.405783E+05  0.396831E-01  0.484774E+05  0.475222E-01  0.327717E+06  0.554463E-03 *******    0.02 5432.25    0.41 *******    0.00
  -60.14  107.43  -55.28   43.74  -60.26   26.10
  -60.20  -77.84  126.39  167.41  -60.20   89.03
 2.8200  0.555962E+05  0.336159E-01  0.460770E+05  0.262433E-01  0.312546E+06  0.430337E-03 *******    0.00 4988.05    0.32 *******    0.00
  -66.52   65.38  -61.57  -71.07  -66.63  158.76
  -66.56  -88.10  120.37  -37.54  -66.55 -155.10
 2.8400  0.656768E+05  0.517933E-01  0.436430E+05  0.626376E-01  0.298485E+06  0.807071E-03 *******    0.03 4657.66    0.15 *******    0.00
  -72.93   -0.80  -67.84 -132.70  -73.04  -68.51
  -72.97  106.77  114.34 -103.81  -72.97 -114.06
 2.8600  0.723768E+05  0.270752E-02  0.410975E+05  0.668366E-01  0.285232E+06  0.104296E-02 *******    0.00 4274.79    1.03 *******    0.00
  -79.40  135.19  -74.05    9.71  -79.50   86.51
  -79.43  115.71  108.54   60.71  -79.43   97.66
 2.8800  0.766127E+05  0.177176E-01  0.381856E+05  0.101012E+00  0.272646E+06  0.152047E-02 *******    0.05 3666.52    1.16 *******    0.00
  -85.91    3.56  -80.24  -47.35  -85.99  122.92
  -85.94  -51.96  102.96  144.87  -85.94  -33.40
 2.9000  0.789513E+05  0.336890E-01  0.346988E+05  0.980935E-02  0.260471E+06  0.101928E-02 *******    0.05 3165.16    3.50 *******    0.00
  -92.48  119.19  -86.28 -129.70  -92.50  135.33
  -92.49   75.81   97.68  -88.84  -92.50   91.37
 2.9200  0.797374E+05  0.778782E+00  0.282016E+05  0.221860E+00  0.248532E+06  0.563206E-03 *******    1.02 2425.51   79.14 *******    0.00
  -99.08  -82.65  -91.60  141.45  -99.07   62.17
  -99.08    3.09   95.03    5.33  -99.09 -141.43
 2.9400  0.791444E+05  0.997676E-01  0.775267E+04  0.390855E-01  0.237133E+06  0.588063E-03 *******    0.01  734.95    6.46 *******    0.00
 -105.72  149.02  -82.75  -85.13 -105.66  105.92
 -105.70  -27.54 -158.57  -72.01 -105.72  -77.00
 2.9600  0.772187E+05  0.206660E-01  0.650828E+05  0.123767E+00  0.225508E+06  0.509842E-03 *******    0.03 7346.73    0.90 *******    0.00
 -112.41 -167.27 -120.53  -20.92 -112.28   50.95
 -112.35  112.13   56.57  -59.95 -112.38 -178.00
 2.9800  0.738922E+05  0.261436E-01  0.438218E+05  0.635968E-01  0.213930E+06  0.812919E-03 *******    0.01 4537.12    0.13 *******    0.00
 -119.14 -135.11 -119.98 -166.83 -118.96    3.45
 -119.04   64.41   59.07   50.88 -119.08  -87.23
 3.0000  0.689384E+05  0.155511E-01  0.383431E+05  0.392037E-01  0.202311E+06  0.344479E-03 *******    0.01 3912.26    0.04 *******    0.00
 -125.89  -47.25 -125.30 -102.00 -125.63   98.24
 -125.75   99.17   54.62 -136.41 -125.80  -25.60
 3.0200  0.618494E+05  0.155991E-02  0.351834E+05  0.521925E-01  0.190225E+06  0.975969E-03 *******    0.01 3554.02    0.06 *******    0.00
 -132.65  149.58 -131.60  -47.93 -132.33 -172.51
 -132.48  171.96   48.71 -151.01 -132.53 -173.23
 3.0400  0.516627E+05  0.947763E-02  0.328009E+05  0.640081E-01  0.177250E+06  0.395265E-03 *******    0.00 3291.76    0.02 *******    0.00
 -139.40  -28.85 -138.25 -105.78 -139.01  -31.13
 -139.19  -21.97   42.22  -41.36 -139.25  125.79
 3.0600  0.364250E+05  0.197264E-01  0.307753E+05  0.386760E-01  0.162485E+06  0.380420E-03 *******    0.02 3070.48    0.06 *******    0.00
 -146.13   -1.11 -145.12  -42.54 -145.60  128.06
 -145.86    9.63   35.32   69.87 -145.93  -93.72
 3.0800  0.116531E+05  0.101096E-01  0.289806E+05  0.450531E-01  0.143976E+06  0.126808E-02 *******    0.01 2881.26    0.14 *******    0.00
 -152.94 -136.46 -152.11  -57.85 -152.07   57.72
 -152.41   17.30   28.19  -55.01 -152.47 -151.38
 3.1000  0.353413E+05  0.143290E-01  0.273195E+05  0.464423E-02  0.116089E+06  0.105805E-03 *******    0.02 2709.77    0.16 *******    0.00
   21.47   51.01 -159.23   43.22 -158.17  170.14
 -158.58   15.40   20.78  118.83 -158.63  148.06
 3.1200  0.159446E+06  0.164643E-01  0.258017E+05  0.288300E-01  0.542313E+05  0.448484E-03 *******    0.01 2554.48    0.12 *******    0.00
   16.79   49.48 -166.59  152.34 -162.92  174.49
 -163.22 -171.65   13.15    5.84 -163.24    1.78
 3.1400  0.133346E+07  0.158919E-01  0.242740E+05  0.157787E-01  0.481219E+06  0.794242E-03 *******    0.06 2437.73    0.95 *******    0.00
   35.18 -175.42 -173.78 -148.45   35.86 -157.10
 -144.88  -91.56    5.70  -88.34 -144.88   75.70
 3.1600  0.508506E+06  0.717805E-02  0.230491E+05  0.396317E-01  0.332164E+06  0.120053E-02 *******    0.01 2293.17    0.14 *******    0.00
  168.35 -166.71  179.01  -20.18  168.74   66.33
  -11.71  -11.09   -1.52  -30.36  -11.70   -1.51
 3.1800  0.288538E+06  0.123158E-01  0.217430E+05  0.475707E-01  0.230916E+06  0.705485E-03 *******    0.00 2146.28    0.11 *******    0.00
  165.67   15.99  171.81   24.78  165.99  106.12
  -14.40   37.63   -8.78   32.76  -14.38  -90.00
 3.2000  0.223572E+06  0.253866E-01  0.204821E+05  0.725789E-02  0.196596E+06  0.674497E-03 *******    0.01 1988.82    0.01 *******    0.00
  159.68  -23.65  164.55  -94.33  159.95 -159.63
  -20.42   82.19  -16.12 -107.85  -20.38  162.83
 3.2200  0.191994E+06  0.423169E-02  0.192225E+05  0.209522E-01  0.177119E+06  0.608297E-04 *******    0.00 1838.27    0.09 *******    0.00
  152.94  -94.33  157.35 -163.24  153.15   63.34
  -27.15  -69.82  -23.33 -143.26  -27.11   53.59
 3.2400  0.172984E+06  0.161191E-02  0.179321E+05  0.219564E-01  0.163451E+06  0.359954E-03 *******    0.01 1701.62    0.08 *******    0.00
  145.90   95.50  150.23  -14.17  145.94   -0.05
  -34.12   10.37  -30.29  -36.94  -34.10  -81.38
 3.2600  0.160029E+06  0.135469E-01  0.165918E+05  0.331008E-01  0.152622E+06  0.426149E-03 *******    0.00 1508.99    0.03 *******    0.00
  138.69 -157.56  143.09  147.66  138.63   -9.33
  -41.28   34.18  -37.29  154.50  -41.28  119.99
 3.2800  0.150444E+06  0.934481E-02  0.151665E+05  0.433226E-01  0.143517E+06  0.168015E-02 *******    0.02 1351.78    0.13 *******    0.00
  131.36  107.16  135.95  175.91  131.17   89.80
  -48.51   57.64  -44.23 -118.77  -48.54   -0.47
 3.3000  0.142919E+06  0.759143E-02  0.136043E+05  0.207337E-01  0.135500E+06  0.576258E-03 *******    0.01 1187.34    0.01 *******    0.00
  123.94 -114.55  128.68 -147.46  123.70  106.88
  -55.86 -130.29  -51.55   77.85  -55.91 -172.29
 3.3200  0.136738E+06  0.829847E-02  0.118954E+05  0.419795E-02  0.128264E+06  0.420873E-03 *******    0.03 1011.12    0.81 *******    0.00
  116.46  123.47  121.29   50.83  116.18 -122.16
  -63.29  -58.83  -59.05 -169.43  -63.36   81.73
 3.3400  0.131475E+06  0.107968E+00  0.974826E+04  0.206102E-01  0.121531E+06  0.276839E-03 *******    0.02  800.26    0.75 *******    0.00
  108.92  -81.50  113.87 -118.84  108.61 -103.87
  -70.74   73.02  -66.81 -121.13  -70.85   96.58
 3.3600  0.126853E+06  0.211343E+00  0.692695E+04  0.557759E-01  0.115245E+06  0.236735E-03 8129.69    0.27  519.03   11.04 *******    0.00
  101.32  -21.74  106.43 -168.57  100.97  137.32
  -78.09  173.12  -74.81   82.63  -78.30   95.47
 3.3800  0.122684E+06  0.157096E+00  0.255327E+04  0.294252E-01  0.109230E+06  0.303375E-03 6196.46    0.12   73.72    1.04 *******    0.00
   93.69 -103.36   97.87 -126.60   93.32   52.19
  -85.40   79.00  -98.71   62.26  -85.76  -85.83
 3.4000  0.118838E+06  0.841858E-01  0.729343E+04  0.206038E-01  0.103370E+06  0.383111E-03 4504.83    0.14  962.32    3.90 *******    0.00
   86.01  -91.07  -83.11  -37.47   85.65  158.03
  -92.57   85.68   97.77  -89.81  -93.17 -102.05
 3.4200  0.115203E+06  0.211320E+00  0.685762E+05  0.647990E-01  0.976416E+05  0.630797E-03 2967.55    0.46 7514.58    5.97 *******    0.00
   78.30  -98.51  -71.68  -85.71   77.97  -27.88
  -99.36  -92.57  108.81 -108.20 -100.45   26.53
 3.4400  0.111687E+06  0.835644E-01  0.504627E+05  0.451427E-01  0.918660E+05  0.100145E-02 1514.91    0.04 5319.45    1.63 *******    0.00
   70.55   59.03   60.24  -82.10   70.24   11.54
 -104.66  139.88 -119.54   88.09 -107.29  175.51
 3.4600  0.108202E+06  0.219890E-01  0.276746E+05  0.280767E-01  0.860762E+05  0.486617E-03  154.11    0.02 2899.05    0.93 *******    0.00
   62.80   89.04   59.24    2.86   62.42    6.31
  -42.05 -131.64 -120.79  -97.38 -109.19   37.07
 3.4800  0.104631E+06  0.294474E-01  0.211676E+05  0.344852E-02  0.801476E+05  0.406102E-03 1542.96    0.00 2230.03    0.44 *******    0.00
   55.04   80.73   52.95 -162.54   54.58  -14.23
   48.65  103.09 -127.20  -77.51   48.00  149.15
 3.5000  0.100834E+06  0.197715E-01  0.178305E+05  0.410367E-01  0.739183E+05  0.128533E-03 3347.01    0.00 1897.31    0.33 *******    0.00
   47.30   70.09   45.76   20.90   46.70   82.43
   43.82  108.32 -134.38  -24.05   44.51  172.99
 3.5200  0.965705E+05  0.604669E-02  0.156620E+05  0.162415E-01  0.672060E+05  0.884383E-03 5618.62    0.00 1687.23    0.07 *******    0.00
   39.62 -116.22   38.24  115.50   38.87 -135.86
   37.23   16.43 -141.88 -159.88   37.86  167.20
 3.5400  0.914190E+05  0.214356E-01  0.140186E+05  0.335683E-01  0.597503E+05  0.534217E-03 8789.50    0.00 1520.80    0.17 *******    0.00
   32.07   29.11   30.57  156.12   31.16  170.88
   30.34  -39.32 -149.47   54.98   30.83    7.81
 3.5600  0.845095E+05  0.177790E-01  0.126557E+05  0.301260E-02  0.502934E+05  0.138085E-03 *******    0.01 1363.99    0.14 *******    0.00
   24.80    6.51   22.81 -119.06   23.72  149.01
   23.57   -0.74 -157.13  167.71   23.92   -1.45
 3.5800  0.735850E+05  0.309022E-02  0.114621E+05  0.602417E-02  0.361662E+05  0.223270E-03 *******    0.00 1219.86    0.21 *******    0.00
   18.20  147.44   14.96  -34.49   16.81  135.39
   17.32 -151.08 -164.90  -31.87   17.56  178.76
 3.6000  0.505042E+05  0.258590E-01  0.103840E+05  0.112795E-01  0.777362E+04  0.108525E-02 *******    0.01 1078.25    0.21 *******    0.00
   13.69  120.29    7.06   30.88   10.02  -44.33
   13.05  -78.94 -172.79   93.42   13.19  111.78
 3.6200  0.494578E+05  0.623510E-02  0.926460E+04  0.528555E-02  0.107889E+06  0.333211E-03 *******    0.01  936.64    0.29 *******    0.00
 -158.40 -117.31   -0.98  -54.11 -159.17   66.02
   21.73 -170.56  179.15    3.40   21.77  -24.77
 3.6400  0.235814E+06  0.195992E-01  0.804947E+04  0.359799E-01  0.233641E+06  0.610670E-03 *******    0.00  790.79    0.08 *******    0.00
  -38.97  126.82   -9.58  175.23  -40.17  132.18
  141.20  -31.41  170.88 -160.31  141.15   42.08
 3.6600  0.151551E+06  0.284872E-01  0.711279E+04  0.101180E-01  0.126211E+06  0.993916E-03 *******    0.01  617.48    0.29 *******    0.00
  -30.13   -7.86  -17.73    1.76  -31.29  -61.42
  150.20    3.48  161.98  137.79  150.10  101.40
 3.6800  0.130227E+06  0.989877E-02  0.594152E+04  0.983796E-02  0.987532E+05  0.649666E-03 *******    0.00  467.01    0.10 *******    0.00
  -34.81  -28.62  -26.59  172.67  -35.97  -74.68
  145.68   53.98  151.88  -69.94  145.54  142.75
 3.7000  0.120214E+06  0.819112E-02  0.461807E+04  0.697058E-02  0.855100E+05  0.819747E-04 *******    0.00  311.92    0.07 *******    0.00
  -41.66  165.99  -36.36   10.26  -42.59   92.19
  138.85   -9.85  138.67   62.68  138.71 -112.01
 3.7200  0.114171E+06  0.115576E-01  0.295238E+04  0.411783E-02  0.768725E+05  0.452270E-03 *******    0.00  139.99    0.10 *******    0.00
  -49.27   -1.91  -48.73  -17.60  -49.97  -84.35
  131.24 -107.31  108.65  109.51  131.10 -170.33
 3.7400  0.110023E+06  0.187867E-01  0.736448E+03  0.473092E-02  0.702624E+05  0.592224E-04 *******    0.01  185.94    0.23 *******    0.00
  -57.24   89.28 -104.19   37.69  -57.71   67.50
  123.24  -84.98  -12.53   76.24  123.12  -71.77
 3.7600  0.106968E+06  0.304952E-02  0.476750E+04  0.578692E-02  0.649034E+05  0.455873E-03 *******    0.03  716.20    0.39 *******    0.00
  -65.42  -85.80  140.16  -37.42  -65.63 -105.81
  115.00  -88.03  -37.54  -83.07  114.90   82.40
 3.7800  0.104626E+06  0.262987E-01  0.263208E+05  0.329228E-01  0.601920E+05  0.594374E-03 *******    0.09 2962.56    4.11 *******    0.00
  -73.75  -13.27  142.27  111.53  -73.65 -171.46
  106.59  -78.04  -34.16 -158.42  106.52  101.65
 3.8000  0.102825E+06  0.680421E-01  0.342459E+05  0.274690E-01  0.558689E+05  0.320527E-03 *******    0.03 3478.82    1.90 *******    0.00
  -82.17  -89.06 -100.22   58.83  -81.79   70.27
   98.03   10.02   82.08   78.31   98.00  118.83
 3.8200  0.101471E+06  0.101782E-01  0.161285E+05  0.215920E-02  0.517814E+05  0.441514E-03 *******    0.02 1558.93    0.85 *******    0.00
  -90.68  159.92  -95.87  110.74  -89.98   57.32
   89.38  -89.48   84.93  -88.09   89.39  -98.98
 3.8400  0.100538E+06  0.644789E-02  0.115666E+05  0.159739E-01  0.478111E+05  0.812678E-03 *******    0.00 1095.52    0.13 *******    0.00
  -99.24  -84.60 -103.28  105.80  -98.20  161.01
   80.66   69.72   75.80 -105.49   80.71   78.49
 3.8600  0.100043E+06  0.196501E-02  0.942273E+04  0.380786E-02  0.439056E+05  0.761196E-03 *******    0.01  894.54    0.22 *******    0.00
 -107.85   99.16 -112.55 -132.66 -106.50   -2.99
   71.89  114.63   64.85 -112.94   71.98   67.58
 3.8800  0.100052E+06  0.572912E-02  0.818178E+04  0.629449E-02  0.400847E+05  0.279461E-03 *******    0.01  794.92    0.18 *******    0.00
 -116.48 -165.45 -121.75  109.54 -115.15   78.03
   63.19  -77.92   54.74 -115.70   63.29 -114.38
 3.9000  0.100687E+06  0.352667E-02  0.733044E+04  0.551091E-02  0.362354E+05  0.220953E-03 *******    0.01  736.20    0.13 *******    0.00
 -125.11   18.26 -131.00  -90.54 -124.00  -63.57
   54.52  -88.75   45.00  123.89   54.61  155.34
 3.9200  0.102165E+06  0.531885E-02  0.667228E+04  0.897339E-02  0.323007E+05  0.739231E-03 *******    0.01  695.34    0.13 *******    0.00
 -133.73  -16.30 -139.97 -114.66 -133.07 -176.67
   45.89 -147.53   36.00  148.67   45.98 -151.59
 3.9400  0.104887E+06  0.122017E-01  0.611048E+04  0.386563E-02  0.281950E+05  0.313105E-03 *******    0.01  653.81    0.11 *******    0.00
 -142.27  -24.22 -148.54 -150.14 -142.36   74.35
   37.35   83.25   27.73  -85.15   37.42  -12.17
 3.9600  0.109601E+06  0.334941E-02  0.556324E+04  0.715958E-02  0.236348E+05  0.423938E-03 *******    0.02  603.71    0.07 *******    0.00
 -150.67   97.13 -156.41   20.03 -152.18   27.26
   29.04  -11.24   20.67  142.80   29.09  -49.91
 3.9800  0.117912E+06  0.901364E-02  0.502254E+04  0.497625E-02  0.180819E+05  0.242951E-03 *******    0.00  542.56    0.06 *******    0.00
 -158.76   -2.49 -163.75   19.86 -162.69  -56.40
   21.05 -124.81   14.28  167.62   21.07  168.56
 4.0000  0.133875E+06  0.220078E-02  0.445848E+04  0.117625E-01  0.100198E+05  0.373248E-03 *******    0.00  474.39    0.09 *******    0.00
 -166.12  -35.97 -170.94 -175.26 -176.64 -100.88
   13.77   -6.42    8.31   -4.86   13.77   -6.59
 4.0200  0.171349E+06  0.206961E-02  0.386203E+04  0.233837E-02  0.712351E+04  0.731286E-03 *******    0.01  400.61    0.05 *******    0.00
 -171.32   67.46 -178.03  -32.39   26.82 -123.21
    8.60 -177.98    2.64  -46.73    8.60    5.19
 4.0400  0.320316E+06  0.107089E-01  0.322777E+04  0.686653E-03  0.692505E+05  0.396227E-03 *******    0.02  309.47    0.18 *******    0.00
 -164.28 -101.87  175.17   86.08   17.99  -65.62
   15.65  169.50   -1.99 -163.16   15.65  -34.38
 4.0600  0.267514E+06  0.467013E-02  0.254878E+04  0.305473E-02  0.143454E+06  0.227088E-03 *******    0.01  196.83    0.14 *******    0.00
  -53.31  122.94  169.13  122.01  126.74   12.67
  126.61  165.50   -2.05  156.48  126.61  -71.73
 4.0800  0.514955E+05  0.235571E-02  0.181654E+04  0.536273E-02  0.691100E+05  0.172156E-03 *******    0.00   77.54    0.11 *******    0.00
  -40.33   50.60  163.95  100.82  139.02  121.91
  139.56  -13.36   21.34 -130.57  139.56   72.23
 4.1000  0.655155E+04  0.786916E-02  0.101184E+04  0.290960E-02  0.508938E+05  0.367479E-03 *******    0.00   64.77    0.31 *******    0.00
  -44.72   84.74  162.53    3.41  134.17 -126.06
  134.84 -140.26   85.55    6.70  134.84    6.35
 4.1200  0.113450E+05  0.125189E-01  0.306196E+03  0.238794E-02  0.418805E+05  0.500163E-03 *******    0.01  181.99    0.17 *******    0.00
  127.32 -104.70 -118.96   77.49  127.01   96.62
  127.47  -70.77  118.50   28.15  127.47   28.77
 4.1400  0.202102E+05  0.720754E-02  0.154598E+04  0.112183E-01  0.357734E+05  0.230067E-03 *******    0.01  368.24    0.39 *******    0.00
  119.16 -104.99  -60.93   83.91  119.05  115.46
  119.21  -98.36  120.48   88.75  119.21   93.45
 4.1600  0.248901E+05  0.205331E-01  0.387939E+04  0.222455E-02  0.308360E+05  0.666304E-03 *******    0.05  664.67    0.32 *******    0.00
  110.53 -171.43  -60.15   66.13  110.74  -29.87
  110.55    1.26  118.79  150.37  110.54   -7.74
 4.1800  0.271794E+05  0.604391E-02  0.928370E+04  0.238159E-01  0.263724E+05  0.464672E-03 *******    0.01 1355.66    0.20 *******    0.00
  101.67 -150.66  -59.18  -95.08  102.13  -15.62
  101.68  -89.06  119.89  106.02  101.67  -93.10
 4.2000  0.278309E+05  0.578903E-02  0.304592E+05  0.151369E-01  0.220301E+05  0.170268E-03 *******    0.01 3987.31    0.33 *******    0.00
   92.70  -39.19  -25.90  -72.27   93.12  -67.31
   92.70  169.64  153.69   -4.04   92.69   80.54
 4.2200  0.271168E+05  0.221312E-01  0.197232E+05  0.607968E-01  0.175156E+05  0.561568E-03 *******    0.01 2395.29    0.51 *******    0.00
   83.71 -168.03   55.51  100.09   83.76  144.40
   83.69 -165.03 -124.23   10.83   83.70  -20.76
 4.2400  0.249758E+05  0.626490E-02  0.104693E+05  0.797463E-02  0.124235E+05  0.198665E-03 *******    0.00 1215.75    0.04 *******    0.00
   74.78  -94.96   62.34   75.80   73.63  -67.01
   74.76  -98.82 -116.71   29.15   74.78  -63.61
 4.2600  0.209514E+05  0.188817E-02  0.717171E+04  0.854396E-02  0.621573E+04  0.187782E-03 *******    0.00  790.09    0.03 *******    0.00
   66.04  -33.81   58.17  112.48   61.02   90.02
   66.06    2.91 -120.14  107.13   66.08   65.69
 4.2800  0.137583E+05  0.261297E-02  0.543460E+04  0.623013E-02  0.277713E+04  0.599634E-03 *******    0.00  570.51    0.01 *******    0.00
   57.72  -69.42   51.38  142.86 -101.70   34.41
   57.85   11.45 -126.20  -61.64   57.87 -130.46
 4.3000  0.327121E+03  0.283754E-02  0.429846E+04  0.428698E-02  0.174599E+05  0.326606E-03 *******    0.00  432.62    0.06 *******    0.00
 -114.25  -85.41   43.45    2.98 -123.19   49.52
   50.84  -12.15 -133.52  174.55   50.88 -149.58
 4.3200  0.363647E+05  0.144324E-02  0.345813E+04  0.496267E-02  0.519390E+05  0.127828E-03 *******    0.00  332.84    0.07 *******    0.00
 -131.60  114.22   34.92 -116.48 -127.56   31.21
   47.99 -108.08 -141.47   20.77   48.05 -150.71
 4.3400  0.218489E+06  0.448813E-02  0.279062E+04  0.779206E-03  0.213622E+06  0.160113E-03 *******    0.01  256.41    0.14 *******    0.00
 -101.36 -166.05   25.89  176.26  -98.25   40.05
   78.33   43.58 -149.96   16.17   78.40  -70.01
 4.3600  0.164980E+06  0.279145E-02  0.220515E+04  0.119567E-01  0.133272E+06  0.473408E-03 *******    0.01  191.08    0.09 *******    0.00
  -12.23  -11.87   17.12    3.68  -10.11 -116.69
  167.51  -25.79 -158.40  165.06  167.60   20.76
 4.3800  0.102268E+06  0.677137E-02  0.168478E+04  0.157300E-02  0.723414E+05  0.694282E-04 *******    0.00  133.66    0.05 *******    0.00
   -8.65  -12.97    8.14   34.78   -7.34    6.71
  171.11  -55.90 -166.61  161.20  171.19 -165.07
 4.4000  0.819311E+05  0.432912E-02  0.118686E+04  0.238676E-02  0.523633E+05  0.632288E-03 *******    0.00   77.93    0.09 *******    0.00
  -14.58   13.74   -0.07  178.29  -14.24  104.56
  165.22    2.86 -172.12  -10.25  165.30  164.88
 4.4200  0.718474E+05  0.197298E-02  0.690070E+03  0.141583E-02  0.424613E+05  0.615484E-04 *******    0.00   23.61    0.04 *******    0.00
  -22.66  116.37   -7.39  -10.07  -23.28   39.27
  157.18   90.14 -162.58 -143.12  157.23   71.82
 4.4400  0.656945E+05  0.133009E-02  0.190268E+03  0.118051E-02  0.364605E+05  0.169916E-03 7862.01    0.00   35.99    0.03 *******    0.00
  -31.55   99.89   -5.75   30.66  -33.24 -156.17
  148.38 -135.54  -34.70  -59.39  148.38  -73.73
 4.4600  0.614239E+05  0.196382E-02  0.350381E+03  0.515046E-02  0.324099E+05  0.170730E-03 5601.99    0.00  100.57    0.28 *******    0.00
  -40.85  -68.03  145.49   20.73  -43.34 -174.20
  139.21 -164.63  -31.90    2.19  139.12 -101.27
 4.4800  0.581810E+05  0.531552E-02  0.903389E+03  0.187258E-02  0.293761E+05  0.191358E-03 4023.57    0.01  176.07    0.28 *******    0.00
  -50.36  -63.89  142.34 -131.95  -53.02   93.28
  129.65   88.36  -37.36   90.54  129.51  178.29
 4.5000  0.555388E+05  0.693660E-02  0.151802E+04  0.152376E-02  0.268538E+05  0.452624E-03 2845.11    0.00  270.54    0.07 *******    0.00
  -60.00   -3.94  135.30 -132.89  -62.28  102.28
  119.75  115.82  -44.71 -140.77  119.62   49.38
 4.5200  0.532551E+05  0.234606E-02  0.224997E+04  0.409237E-02  0.244953E+05  0.347702E-03 1910.55    0.00  393.06    0.03 *******    0.00
  -69.71 -107.86  127.18  -88.51  -71.05   99.98
  109.30 -160.96  -53.26 -158.97  109.31 -108.07
 4.5400  0.511746E+05  0.659613E-03  0.325669E+04  0.289612E-02  0.222056E+05  0.311718E-03 1116.88    0.00  572.13    0.02 *******    0.00
  -79.43  -77.86  119.05  153.36  -79.59  127.19
   98.06  -80.52  -61.87   70.09   98.45  179.98
 4.5600  0.491774E+05  0.183074E-02  0.493624E+04  0.284525E-02  0.198770E+05  0.201025E-03  387.99    0.00  871.77    0.03 9521.11    0.00
  -89.12  -69.73  111.27   49.14  -88.12  102.47
   84.11  -95.56  -69.86  171.71   85.94 -115.99
 4.5800  0.471519E+05  0.789314E-02  0.882709E+04  0.406653E-02  0.172787E+05  0.159869E-03  348.95    0.02 1586.35    0.33 6404.35    0.00
  -98.72  147.13  107.46    4.06  -96.65  -67.94
  -92.59   34.72  -73.63 -151.33  -93.16 -125.07
 4.6000  0.449625E+05  0.364491E-01  0.226446E+05  0.274431E-01  0.143698E+05  0.754082E-03 1163.73    0.02 4371.62    0.49 *******    0.00
 -108.15 -106.25  135.60 -120.45 -105.25  -97.32
 -106.90  -35.26  -45.40  -96.31 -107.23   -9.75
 4.6200  0.423983E+05  0.329160E-01  0.142766E+05  0.219662E-01  0.110448E+05  0.321173E-03 2195.60    0.01 2611.54    0.19 *******    0.00
 -117.24 -173.58 -152.38   -8.79 -113.84  -14.65
 -117.31  -15.67   27.18  -52.91 -117.36  -89.19
 4.6400  0.390416E+05  0.417257E-02  0.709763E+04  0.153900E-01  0.681847E+04  0.364365E-03 3667.73    0.00 1204.74    0.29 *******    0.00
 -125.64   55.87 -147.45 -173.83 -120.44  -19.84
 -126.15   28.09   32.40  123.73 -126.10  118.61
 4.6600  0.338803E+05  0.711489E-02  0.456435E+04  0.611562E-02  0.766707E+03  0.288294E-03 6088.07    0.00  721.41    0.13 *******    0.00
 -132.57  140.88 -153.85   98.01  -78.32  -55.83
 -133.11  -82.76   26.01  114.91 -133.06  -42.91
 4.6800  0.236176E+05  0.126085E-02  0.325966E+04  0.332025E-02  0.114574E+05  0.162723E-03 *******    0.00  480.81    0.06 *******    0.00
 -135.49  -47.89 -162.64 -151.39   41.86  -73.91
 -136.15   34.38   17.08  -38.88 -136.10  -92.86
 4.7000  0.839466E+04  0.236782E-02  0.239895E+04  0.617834E-03  0.441509E+05  0.110521E-03 *******    0.00  331.39    0.07 *******    0.00
   56.18 -166.82 -172.20  117.88   57.07  133.63
 -123.13  166.55    7.26  112.56 -123.07   61.35
 4.7200  0.757285E+05  0.457291E-02  0.171326E+04  0.734707E-02  0.786913E+05  0.543549E-03 *******    0.00  221.78    0.13 *******    0.00
  122.66   80.41  177.40  178.10  123.13   11.45
  -57.56  -23.15   -3.57    5.62  -57.52  137.57
 4.7400  0.668100E+05  0.247465E-03  0.110511E+04  0.456407E-02  0.481790E+05  0.149757E-03 *******    0.00  131.96    0.02 *******    0.00
  147.03  -59.66  165.97    5.15  147.92   30.43
  -33.23 -119.15  -15.83  -55.13  -33.19  -86.93
 4.7600  0.591034E+05  0.448955E-02  0.492693E+03  0.295646E-02  0.350368E+05  0.208075E-04 *******    0.00   48.96    0.05 *******    0.00
  146.05    2.86  150.97  -28.44  147.34    1.48
  -34.22  136.67  -34.77  -69.11  -34.17 -159.06
 4.7800  0.548214E+05  0.595511E-02  0.250519E+03  0.786437E-03  0.284823E+05  0.308335E-03 9834.86    0.00   45.47    0.03 *******    0.00
  139.54  -46.01  -11.28  169.45  141.15  -29.23
  -40.73 -107.67  164.26  113.77  -40.68   98.42
 4.8000  0.520746E+05  0.568939E-02  0.122260E+04  0.914306E-03  0.242266E+05  0.245413E-03 8460.61    0.00  163.28    0.05 *******    0.00
  131.11  -83.85  -33.58 -137.66  132.93 -127.92
  -49.17  -71.45  145.78   50.48  -49.12   46.06
 4.8200  0.501203E+05  0.100532E-01  0.287660E+04  0.296231E-02  0.209427E+05  0.209821E-04 7701.38    0.00  359.66    0.09 *******    0.00
  121.79   42.54  -41.68 -159.62  123.16  -37.24
  -58.33  -70.19  137.86  -37.62  -58.31   27.39
 4.8400  0.486334E+05  0.297608E-01  0.689229E+04  0.762753E-02  0.184336E+05  0.300665E-03 7276.51    0.00  834.73    0.31 *******    0.00
  112.00   83.43  -41.67 -110.18  112.74   88.93
  -67.99 -105.22  138.26  -95.59  -68.00 -148.91
 4.8600  0.474612E+05  0.296036E-01  0.212569E+05  0.270184E-01  0.164010E+05  0.163299E-03 7082.92    0.01 2516.72    1.11 *******    0.00
  101.93  149.94   10.83  179.05  102.12  -11.79
  -78.00  167.93 -168.73   -2.20  -78.02   85.24
 4.8800  0.465277E+05  0.617048E-02  0.924387E+04  0.496792E-02  0.145812E+05  0.627428E-03 7084.65    0.00 1077.44    0.15 *******    0.00
   91.70  -61.54   73.75  -71.76   91.64  -87.31
  -88.23 -137.95 -105.21 -110.04  -88.25  154.51
 4.9000  0.457938E+05  0.183015E-02  0.489365E+04  0.394956E-02  0.128457E+05  0.113064E-03 7265.28    0.00  564.07    0.23 *******    0.00
   81.38 -161.29   75.97  -49.06   81.72  -18.92
  -98.66  -91.54 -102.44   89.82  -98.64 -171.93
 4.9200  0.452525E+05  0.360492E-02  0.312603E+04  0.103626E-02  0.110204E+05  0.106199E-03 7645.31    0.00  356.42    0.11 *******    0.00
   71.06  156.98   70.36  -99.69   73.01   58.23
 -109.22  106.12 -107.65   75.26 -109.14  -98.37
 4.9400  0.449182E+05  0.255048E-02  0.207100E+04  0.195191E-02  0.892369E+04  0.270185E-03 8270.75    0.00  231.77    0.01 *******    0.00
   60.77   11.12   61.53  -37.14   66.02  156.65
 -119.78   89.46 -116.63  169.22 -119.64   -5.79
 4.9600  0.448425E+05  0.201803E-02  0.135523E+04  0.461228E-02  0.637256E+04  0.320966E-03 9229.81    0.00  146.63    0.06 *******    0.00
   50.61   65.54   49.20   -7.39   62.04   31.73
 -130.18  -12.89 -130.42   -9.86 -129.99  -20.59
 4.9800  0.451365E+05  0.465058E-02  0.833805E+03  0.177032E-02  0.329632E+04  0.875019E-04 *******    0.00   84.11    0.03 *******    0.00
   40.72  -77.29   32.21  154.07   70.87   33.56
 -140.20  -51.64 -151.74  -74.75 -139.98  -47.12
 5.0000  0.460166E+05  0.100916E-02  0.446052E+03  0.966722E-03  0.248255E+04  0.102803E-03 *******    0.00   41.78    0.02 *******    0.00
   31.33  118.41    6.28  104.90  161.41  135.30
 -149.59  -46.50  167.96  108.45 -149.39 -168.41
 5.0200  0.479528E+05  0.132265E-02  0.213056E+03  0.924353E-03  0.804199E+04  0.420046E-03 *******    0.00   33.26    0.02 *******    0.00
   22.96  135.68  -51.45  -16.41 -169.80  174.09
 -157.82   75.32   89.04    2.67 -157.66 -106.84
 5.0400  0.521067E+05  0.123787E-02  0.316215E+03  0.624594E-03  0.180475E+05  0.271878E-03 *******    0.00   63.90    0.04 *******    0.00
   17.01   19.77 -137.77  123.48 -166.79  -53.55
 -163.53 -165.68   32.65  171.43 -163.44 -150.58
 5.0600  0.616955E+05  0.544606E-02  0.668092E+03  0.489338E-03  0.388398E+05  0.194822E-03 *******    0.00  121.78    0.10 *******    0.00
   18.62   68.71 -172.66    7.60 -161.26  176.00
 -161.66  -78.39    4.65  124.05 -161.62   -1.15
 5.0800  0.712979E+05  0.254249E-02  0.117838E+04  0.226843E-02  0.868951E+05  0.324790E-03 *******    0.00  213.10    0.03 *******    0.00
   53.78  -61.44  169.31   71.75 -124.14   94.05
 -126.25  140.25  -12.09   58.98 -126.26 -108.47
 5.1000  0.172873E+05  0.178368E-02  0.192308E+04  0.239672E-02  0.617144E+05  0.647018E-03 *******    0.01  355.32    0.06 *******    0.00
  106.51  145.39  157.37 -109.29  -70.60  102.77
  -73.27   85.36  -23.39   59.26  -73.30   41.14
 5.1200  0.513823E+04  0.208001E-02  0.314795E+04  0.196148E-02  0.358880E+05  0.428056E-03 *******    0.00  613.37    0.01 *******    0.00
  -65.66   52.03  148.88 -134.14  -63.30  115.58
  -65.82   86.37  -31.20   -8.29  -65.86  -60.45
 5.1400  0.124466E+05  0.388686E-02  0.555051E+04  0.808400E-03  0.248528E+05  0.164944E-03 *******    0.00 1078.01    0.06 *******    0.00
  -70.41   34.64  148.91   29.41  -68.65   66.92
  -70.30 -122.02  -30.87 -179.65  -70.33 -139.45
 5.1600  0.152906E+05  0.259894E-02  0.104725E+05  0.125738E-01  0.187708E+05  0.574383E-03 *******    0.00 1930.55    0.05 *******    0.00
  -78.30   29.44  173.63  -18.94  -77.29   91.06
  -78.16   10.49   -6.17 -149.38  -78.18  -90.39
 5.1800  0.161953E+05  0.146748E-01  0.903786E+04  0.823807E-02  0.145676E+05  0.125007E-03 *******    0.00 1625.97    0.09 *******    0.00
  -87.46   81.57 -134.86   74.61  -86.87  -98.71
  -87.32   89.66   45.38  -73.91  -87.33 -106.70
 5.2000  0.159303E+05  0.117100E-02  0.502792E+04  0.955686E-02  0.110335E+05  0.299257E-03 *******    0.00  870.98    0.05 *******    0.00
  -97.17  -64.20 -120.90  -93.15  -96.97   65.51
  -97.05   31.64   59.44 -120.05  -97.06   12.64
